1.0633173
-2.108949
-3.0582745
2.3854942
-3.9511126
-3.7996722
-3.1576412
1.4806822
-3.8865791
-0.8863522
1.7264186
-3.0477259
-2.9403526
-3.0784945
-1.5153879
0.94053048
-1.8384298
-4.1300234
-4.2078335
-3.6102562
2.5516905
2.2357851
1.9904301
-0.87472713
-2.0933816
-1.8930213
-1.9136842
-3.9923619
-3.1135781
-4.1863546
-3.0135913
-3.8937807
-3.8937807
-3.8937807
-3.2533203
-3.2533203
-4.1386505
-4.2580985
-4.1643617
-4.1928994
-3.2254889
-2.5620272
-2.8015774
-2.8709661
-3.6459586
-3.6470052
-3.0958526
-2.9330634
-2.8481952
-2.913888
-3.9096409
-3.0486679
-3.5190448
-3.4423708
-2.8750411
-2.7584825
-3.0796321
-3.0796321
-3.1740485
-3.1481632
-3.1582978
-3.1582978
-3.7046404
-3.8294059
-3.2174215
-2.8033049
-2.8033049
-4.1529414
-4.1408916
-2.6078751
-4.3423209
-4.6434154
-3.2436667
-4.3918215
-3.0246082
-3.6295095
-2.5970423
-2.4771866
-0.90971453
2.1071042
-4.4455396
-4.0703868
-4.4226879
-3.9005256
-4.7991347
-4.9383082
-4.8741666
1.5557145
2.4693663
-2.846498
-2.45849
-3.1423713
-3.4022286
-4.2152968
-3.9647581
-4.4543254
-4.915179
-5.021391
-5.1674171
-4.3449847
-4.3363563
-4.4709497
2.2407839
-2.868747
0.89332628
-4.4751559
-4.1591433
-4.7645423
-5.0986174
-5.8344009
-3.8334778
-5.0615354
-4.1366877
-4.822002
-4.8713064
-3.154763
0.9132842
-2.3194406
2.6389086
2.4739504
-4.1657244
-3.5855593
-2.7869824
-2.8996641
-3.5025506
-3.4474559
-3.8679748
-1.6051966
0.67867673
-3.6897025
-4.4934982
-2.6343616
-3.2240209
-2.8148336
-3.8951209
-3.2546605
-2.8687281
-2.1506097
-4.2881765
-3.2849394
-3.070742
2.0558715
-4.2211369
2.902076
-3.3163249
-1.294568
-3.9925837
-3.9489226
-4.3199134
2.0610028
-3.5138338
-3.1695456
2.2024906
-2.5827061
-2.4652613
-3.19062
1.7252118
-3.0217126
-3.4075636
-3.8479757
-4.6489383
2.1159112
-3.1653534
-1.9267903
-3.332152
-4.088609
-4.2324599
-3.8955819
-4.2384865
2.0660986
-1.8612299
-2.5696782
-3.0189951
-3.2907277
-3.7539754
-4.5756007
-3.781198
-3.1917211
-3.8871162
2.4027541
-3.5415682
-2.3918985
-2.9199915
-4.3878694
-2.6063847
-1.8379014
-1.6329574
0.072010013
-2.0091507
-3.5528815
-3.4055104
-3.8576666
-3.8783041
-2.6884995
-4.4591957
-4.3650434
-3.485703
-3.0004799
-4.4292184
-4.4649289
-4.4920784
-4.3304128
-4.2966723
-2.9095961
-4.6654173
-5.3548866
-3.7927474
-4.5581993
2.6995147
-3.1948264
-2.6820789
-3.824796
-3.4649801
-3.0056277
-2.967662
-4.1956869
-3.8905857
-3.4772899
-4.5426391
-4.4967884
1.9475761
-3.2390597
-2.4267523
-3.9036932
-3.0352967
-4.2790446
-4.2362325
-3.2504872
-4.724288
-3.9745143
-4.0838276
-4.0838276
-4.793439
-3.8986696
-4.2983215
-4.2252314
-4.0679064
-4.0679064
-4.0679064
-5.0078895
-4.1772198
-4.0242473
-4.0679064
-4.0679064
-4.1966793
-3.8872656
-4.0679064
-4.0679064
-4.26039
-3.8959717
-3.4488174
-4.30835
-3.9161482
-4.4049175
-2.9695365
-4.218262
-4.2447775
-4.1423788
-4.0334749
-4.077134
-3.8224289
-4.3321384
-3.9771455
-4.1095012
-3.3578086
-4.1075824
-3.857576
-4.2363553
-3.442402
-3.4933939
-4.3522118
-3.3667252
-4.4148893
-3.1659017
-3.6535113
-3.8276672
-3.6847128
-4.5461093
-4.0913042
-2.5253805
0.67000825
-1.9719555
1.7512642
-2.5515646
-2.2514482
-1.1139038
-0.42210618
-1.1278179
-1.8676249
-1.7650832
-3.0331291
-3.4413122
-4.3202256
-2.6768537
-3.3190812
-2.7348853
-1.5077476
-2.6051084
0.96826028
-3.837827
-4.3067071
-4.3689144
-4.2597315
-4.7368427
-3.4781159
-4.3562572
-4.1195456
-4.3016795
-4.5956946
-4.3814753
-3.4641632
-3.8165686
-3.3969607
-3.6330016
-4.579407
-3.6330016
-4.4846376
-4.4920887
-4.2162074
-3.5523411
-3.861763
-3.6854745
-3.8049225
-4.0067542
-4.0686632
-4.1254651
-3.7553284
-4.8860542
-4.0707551
-4.7620698
-4.5928077
-4.0983953
-4.8748179
-3.9997843
-4.7399723
-3.6380805
-4.8816362
-5.4472853
-3.5560349
-4.0653483
-4.053073
2.1444691
-4.1012334
-2.9024945
-4.2635947
-4.0291841
-3.3452916
-4.7783044
-4.762675
-3.4114395
1.7984204
-2.320014
2.1124559
-3.1240461
-3.3570869
-3.1126803
-4.7261511
-3.3136035
-4.5750488
2.5491127
-2.9023767
-3.588414
-3.0571982
-3.025086
-3.6628546
1.5956435
-2.5945193
-3.0622082
-3.2209425
-2.711619
-3.2886822
-4.077191
-3.2568791
-3.5927664
-3.0472997
-3.1809709
-3.3950622
-3.1052182
-3.7927776
-3.8606312
-3.4734333
-5.0876083
-4.1082131
-1.3752184
0.28113528
0.98709377
1.7510729
-1.9555138
-2.7972223
-3.3803711
-3.6820736
-4.0082996
-2.9257256
-2.8524015
-3.6620015
-4.462026
-4.3430686
-3.0040973
-4.6147694
-2.4057923
-2.0638886
1.0496499
-2.4977199
-3.6631454
1.6626014
-3.0566838
-3.3873421
-2.6015953
-1.5414719
-3.2124702
-4.0588423
1.7506013
-3.0713095
-3.4992955
-3.3253866
-4.0240933
-4.2377887
-5.136692
-4.5887433
-3.9453687
-4.6078242
-4.4327188
-4.2599697
-3.9778368
-5.5380014
-5.1806111
-4.3257536
-4.8923042
-4.55332
-3.7980055
-4.4465593
-4.6672395
-4.5558997
-4.9514062
-2.9494976
-0.41652994
1.7939706
-2.7063575
-2.8630345
-3.2481329
-4.0372909
-4.0203737
-3.7329446
-4.1375526
-3.4517281
-4.3335663
-3.5673594
-2.8637179
-3.7497526
-3.6342488
-4.4110025
-4.4911178
-3.7434853
-3.3654219
-3.918315
-3.5636518
-3.4662613
-3.5191696
-3.6275293
-3.1367193
-3.8830211
-3.4508035
2.0040017
-2.0099529
1.6543104
-4.0389201
-3.369273
-3.3871019
-3.1344142
-4.0759034
2.4056257
-3.2817079
-3.5086834
-2.6480468
-3.4592177
2.2155985
-1.4691289
-3.2707483
-3.346137
-4.1543295
2.29407
-3.2485232
-3.9156333
-3.2134514
-3.8430523
-4.5165493
-3.6930646
-4.2958787
-4.5560083
-3.962243
-3.3902999
-4.0218648
-4.4705453
-3.7877834
-3.3042357
-4.6053709
-3.9587038
-4.7754511
-4.3067762
1.4986747
-2.3424238
-1.1070774
-1.6876295
-2.2154396
-0.71005499
0.297235
-3.2940403
-4.0517316
1.3863942
1.587209
-4.7543854
-4.9223925
-2.5055679
1.66618
-2.3673853
-3.4039085
-3.0784537
1.3573398
-3.3180272
-3.1999508
1.2666679
-2.6109162
2.8501224
-3.1456306
-1.6228153
-3.5979432
-3.8744646
1.2181919
-2.1794177
-3.5051234
-2.5556348
-1.9517226
-3.9391765
1.6593251
-2.5862033
-3.3252892
-3.7005437
-4.4577418
2.1046614
-0.91452784
-1.7934685
0.38686751
0.36869145
-2.8601341
-1.906718
-2.529465
-4.2406887
1.6666688
-1.8110089
-2.6759676
-3.4953236
-2.9547251
-2.1184233
2.1565379
-2.8228093
-2.9195724
-2.0623615
-4.1302082
-3.1759869
-4.1022239
-4.3705777
-3.0233838
-3.8941164
-4.1380021
-3.4480299
-3.6791461
-3.5201428
-4.2403822
-4.2022876
-4.1336816
-3.4698419
-3.5141141
-3.8241634
-3.1455604
-0.97088289
1.2171401
-2.1222417
-2.496777
-4.2128751
-4.1739044
-3.6475992
1.2181919
-2.1794177
-3.5051234
-2.5556348
-1.9517226
-3.9391765
0.56938862
-3.8921345
-3.1314496
-3.8218676
-3.4725511
-3.8082017
-4.3919754
-4.924433
-2.5435252
-4.2125851
-4.0379545
1.4642059
-3.0821749
-3.1559877
-3.9361488
-3.6424103
-3.1889335
-3.6710687
-3.0687612
-4.5057158
-2.8801346
-3.7440371
-3.4616024
-3.9792513
-4.5535578
-4.4054708
-4.268908
-3.4243244
-3.6070408
-4.0817874
-3.9764401
-4.9351105
-4.7315298
-3.0866078
1.7214718
2.5279478
2.8529143
-2.1153404
-3.6903736
-4.1933607
-3.6241495
-4.1942727
-4.2103329
1.1057893
-3.0391308
-1.734286
-1.2514256
-3.3456731
-2.9427608
-3.2484172
-2.3539759
-2.6540339
-3.0779366
-3.0866427
-3.6721864
-3.5191278
-3.6576495
-3.5049823
-2.3960396
-3.8913852
-3.6546697
-4.0269092
-3.1938077
-3.6955641
-2.4553452
2.575924
-2.418118
-2.4781184
-3.9773768
-4.3498672
-3.136295
0.43949856
-0.93574054
0.6825093
-2.120466
-3.5886999
-3.0705236
-4.6503343
1.8589267
-3.1841575
-3.1951334
-3.9519949
-3.6759324
-2.8906597
2.0698633
-0.66008463
-1.5755562
-2.3580082
-1.8682132
-2.7962772
1.3064851
-2.5885645
-2.9984833
-1.8172432
-2.9130006
-3.8100693
-3.739759
-4.7605137
-3.7613561
-4.7998675
-3.1044461
2.7953335
-4.0982139
-2.7404592
-4.7978397
-3.6796575
2.0923552
-2.2485656
-3.045897
-2.7127593
-3.8604263
-2.7678273
-4.1129844
-0.62267285
-2.4419446
-0.45774418
-3.9745911
-3.3260396
-2.3729022
-3.1474309
-3.2961454
-5.0986198
-2.6391556
-2.8612593
0.81656493
-2.5971089
-3.5305024
-4.2959115
-4.053838
-3.2281108
-2.3655036
-1.9955439
-3.6707963
-4.1243432
-4.1243432
-2.5191001
-2.1057909
-2.5770822
-1.3894179
-2.8704511
-3.5473756
-2.2081831
-3.8171456
-1.964526
0.90630004
-3.7547083
-2.9639829
-3.6007886
-3.7739196
-2.0682003
-2.3716801
0.83247606
-4.1538336
-3.1575372
-4.2922408
-3.2079656
-3.9145859
-1.2167774
-1.4391422
0.50069206
-3.6371759
-2.6417758
-3.7988876
-2.8685498
-4.4615636
-2.4955614
-3.19914
-4.1072465
-3.8151271
-5.1766891
-4.0475217
-2.1555299
-3.1163944
-1.540595
0.54607747
-0.25077753
-3.8097407
-3.2177745
-4.0341283
-1.7377062
1.7335377
-4.1642275
-3.1058528
1.3320527
-3.4514939
-2.3558344
2.2477462
-2.4035938
-2.6983436
-3.3317049
-2.0267474
-3.4278111
-3.9462286
-3.6353484
2.2705831
-2.9264189
-2.909962
-3.5206749
-3.8252972
-4.6051769
-4.9524332
1.8081548
-1.5214398
-2.4872679
-2.8024808
-2.6143614
-1.0910654
1.9541211
-4.2398933
-4.5791913
-4.930322
-3.5292934
-2.9994838
-1.8848155
-0.15557831
1.0176174
-2.2940088
-3.3906632
-4.2129938
-3.4923856
-3.5074547
-3.4175084
-3.1953894
-2.3641972
-3.0884836
-2.491852
-2.3067519
-2.491852
-3.1077265
-2.0698245
-2.4709009
-2.1862926
-2.562642
-2.6022098
-2.3381124
1.6823756
-1.8120972
-2.7515824
-3.4055974
-2.7702719
-3.4723224
-2.994074
1.0717917
0.88093945
-2.0784628
-2.6744531
-3.3771418
-3.3367156
-3.0627854
-3.7943415
-4.0445526
-3.0398936
-3.4024782
-0.14873815
-1.7989862
1.6992511
-4.005157
-3.9444022
-3.4502279
-5.179296
-3.2690647
-4.2349869
-3.4605154
-4.1518301
-4.3056564
-4.4554227
-3.9826898
-4.4146376
-3.9386592
-5.0243835
-3.1509614
-3.1648092
-2.5309455
-4.4135988
-3.5052543
-3.3926593
-3.3275633
-2.7526128
1.8076887
-2.9709057
-3.4411943
-2.5921312
-4.2821378
2.0313319
-2.7697162
1.9377712
-3.1446197
1.9557775
-2.9720107
-1.69187
-3.0741633
-4.2490083
-4.8748864
-4.6925721
-2.6539041
-2.6197882
2.7984529
1.6275053
-2.2922963
-3.2296692
-3.3717268
-2.16364
-4.8683338
-4.4108879
-4.546953
-2.9400526
-3.1344462
1.9835908
-2.6549986
2.3952607
-4.3211595
-3.569728
1.2146679
-1.197785
-4.2217196
-3.0296554
-4.1647827
-4.2861229
-4.5792637
-3.8254345
-4.1992486
-5.065369
-4.2827437
-4.1115896
-5.6375819
-4.2680386
-3.5536226
-3.3421364
-3.58229
2.1321315
2.5550982
2.3584548
2.1681089
-2.4218034
-3.5367156
-1.8734628
1.6630126
-3.3212683
-2.0538693
-3.6624383
-2.615431
1.0251527
-3.551756
1.2455317
-2.3234847
-3.1568215
-3.0178143
-1.7756465
-0.81128453
0.79702498
-2.9917885
-2.8216541
-4.1085551
-3.2278386
-3.2857605
-3.1152737
-3.9206647
1.6810955
2.8601773
0.86416749
-2.3881231
1.1264691
-2.9224647
-3.2904128
-4.0400016
-4.2164699
-4.1104647
-3.2133236
1.2243788
-1.4550008
-4.5731206
-4.0843724
-4.4599735
-2.5572639
1.0189179
-1.3824547
-2.250067
-1.6693934
-3.3438631
-1.9387541
1.2093534
-3.9284976
-3.1577327
-1.4365046
-4.0296973
-3.7879174
-3.7961092
-3.789722
-4.0554879
-4.9319848
-4.987319
-3.1999331
2.1552474
-2.7258231
-1.7647845
-3.1386798
-2.8579119
-3.0086404
-3.7646586
-3.0148848
-3.0148848
-1.9962055
-2.633672
-4.2495478
-4.138369
-4.2457673
-3.5998059
-3.642504
-3.4346939
-3.5080432
-4.2054308
-4.0722461
-3.291824
-3.8444995
-3.7309901
-3.8815706
-3.6304715
-3.8261996
-3.6389961
-3.9845869
-3.6710356
-3.6855796
-4.5195569
-4.0073489
-4.4088466
-4.51816
-2.9168992
-3.7034431
-4.2646025
-3.8408566
-4.0172942
-4.1984033
2.0916683
-4.1100145
2.6322068
2.1390404
-2.3354244
-1.6664186
-3.3743805
-3.9047131
-3.5152081
1.8326005
-4.98529
-3.9741256
-3.8091661
-3.3629252
-4.8819686
2.8454277
-3.0532042
-3.0747525
-3.8757244
-1.6204419
-0.028700039
-1.4953484
-1.4733922
-1.256199
0.82001399
-1.6008061
-1.7971887
-2.3031062
-2.4242217
-2.526227
-2.526227
-3.0922104
2.5171352
-1.9009032
-2.0543462
-2.6351739
-3.1776284
1.6760326
-0.90452041
-2.0752325
-1.4190904
-2.4294545
-2.6299863
-2.6100483
-1.8358646
1.1347316
-3.6823667
-2.7050943
-4.175517
-3.9757876
-5.1770536
-3.1477313
-3.9350475
2.1058405
-1.9032408
-1.6378545
-1.4223777
-2.147901
-2.5609052
-2.8488363
-1.8921222
-2.3510336
-2.9050536
-2.4669823
-3.2488363
-3.2488363
-2.9556605
-3.2089759
-2.1021201
-2.6940811
-3.0551939
-2.3812468
-2.314745
-3.1354446
-2.1758632
-3.4825231
-3.3052387
-1.8905874
-2.5153368
-2.089385
-3.700353
-2.9397349
-2.711787
-3.3419384
-2.6424617
-2.1971226
-3.4029537
-2.4585123
-3.783744
-2.603932
-3.0534226
-2.9640183
2.3781873
-2.597878
-3.1283537
-4.3716752
-4.0272737
2.0324043
-2.6734231
2.4189429
1.8963238
-2.104828
2.5894906
2.4097025
-2.4149648
2.8246473
2.3349876
1.6746377
-2.4887707
-3.3692971
-4.0613794
-3.6620711
-4.2897046
-3.999772
-4.930879
-5.0666821
-4.4898527
-3.9817728
-3.7869122
-4.7614424
-2.9629845
-3.2308363
2.1819958
-2.7250323
2.5008669
-1.9756975
-2.6804857
-3.5718931
-4.4494816
-3.5486839
-2.9860263
-4.5450711
-3.4741047
0.023698551
-4.3762724
-4.3073277
-3.4488023
1.5948332
-3.7210127
-2.8272065
2.2848828
1.7682895
-3.5528819
-2.9179512
-2.5062209
-2.5695346
-3.1900266
-2.6137704
-2.2385579
0.58843977
-0.94996786
-2.1038805
-2.883189
-3.537559
-3.2203417
-2.9844499
-4.3548106
2.4139177
-2.7950468
-3.7916455
-2.8279099
-3.8107825
-4.6524199
-1.4414287
2.7262196
-3.1734068
-3.093154
-3.7222143
-3.2724031
-3.7508794
-2.5632289
-2.2075365
-2.3594125
-1.0705219
-0.78380298
-0.59182641
-2.2911853
-3.8273654
-2.6379876
-3.4772663
-4.5238931
-4.680866
-3.4264589
-4.6552298
-3.7746589
-3.6325236
-4.8876323
-4.0505403
-3.4949398
-4.2794521
-4.7114761
-3.8273538
-4.8459836
-4.8075407
-4.0795433
-4.5217359
-5.1495634
-3.5949591
-1.9394529
1.4732559
-3.1409093
-3.1873625
-3.0431994
-2.2283889
-4.1317028
-4.6689506
-4.0791552
-4.3740741
-4.7960637
2.922442
-2.7424677
-3.794186
-3.5596243
-3.8833082
2.5183918
-3.9329275
-3.544173
1.9045136
-4.0028117
2.3491156
-2.651542
-3.2581588
-3.8146246
-3.0250575
-4.4588806
-4.1104379
-4.7605389
-4.5501238
-3.2284115
-3.1058924
2.2660741
-3.0690066
-3.6711728
-4.716641
2.2308466
-2.2693863
-3.4417844
-4.6269977
-3.7268394
-3.4110675
-3.7226846
-3.3686382
-3.4542099
-3.7211812
-4.1869446
2.8230515
-3.3736704
-3.6551924
2.0139769
2.8576243
1.3708273
-3.1406601
-3.0903596
-4.0603379
-3.5774884
-4.8151942
-4.1349579
-4.4076296
-3.8002238
-3.706094
-3.899413
-4.1907447
-4.3119809
-4.0409848
-4.5581084
-4.0937823
-3.6237707
-4.0390284
-2.7709475
-3.7990684
-3.5442681
-3.8557839
-4.1695545
-3.6670282
-3.5522119
-4.0434315
-3.8860521
-4.4840941
-4.3356683
-4.2825396
-4.1490001
-4.116541
-4.3628281
-4.4580283
-3.5165084
-4.4592041
-4.2060667
-4.2259063
-4.3132246
-3.5634508
-4.8311961
-4.6190058
-4.3931983
-3.8255101
-4.6359534
-4.5468908
-4.5274431
-3.6663025
-4.925422
-3.0531325
-3.4486391
1.9263117
-3.9512384
-3.9648831
-3.7647426
-3.7709884
-5.0952847
-3.9877534
-4.7282788
-5.1774128
-2.7488605
2.1622245
-2.1467731
-2.5449014
-1.8149678
-3.3737899
-4.4613894
-2.6757013
-3.0345869
-3.3046043
-3.039012
-3.5016075
-3.3089098
1.9262291
-3.5698386
-2.3946344
-3.8251154
-2.8698618
2.6817496
2.2869234
-2.627155
1.0607066
-2.7477586
-0.8573889
2.413846
-1.3315521
-1.1670569
-1.7877955
-1.9070991
-2.5747926
-2.3710222
-2.6603654
2.6747409
1.7836356
-2.0392192
-3.1623962
-4.1851505
-3.9667645
-4.7783886
-3.643357
2.1967245
-3.5577101
-3.2872188
1.1889629
-3.8153883
-3.7148378
-3.7680547
-2.9029792
-3.6975765
-4.5151135
-4.1209034
-4.2629395
-2.2618969
2.7027665
-2.7178007
-2.9112558
-3.3123876
-5.0696694
-4.4768038
-3.0029254
2.7172578
1.3929763
-2.6736649
-3.1694759
-3.3162633
-0.4232205
-2.397183
-2.5499625
-3.8219151
-3.9777447
-2.2360447
-3.7591803
-3.6987034
-4.580211
-3.3716813
-4.247161
-3.4149529
-0.44882417
-3.7836165
-5.2917321
2.6656431
1.7438447
-3.6091151
-1.7384096
-0.23858262
0.63651302
-3.4711323
-3.9184233
-4.0811336
-4.1345971
-3.9356781
-4.2705719
-3.6273733
2.7650646
-2.4349755
-1.9493533
-3.4680611
-2.4704462
-2.8669411
-2.3106677
-2.5187075
0.77508008
-3.424062
-3.1930905
-5.2252143
-4.6908241
-2.0770448
2.5552395
-1.8669636
-2.5181409
-3.0492106
-2.7544989
-3.4304562
-3.4447763
-3.1153277
-3.6441943
-3.4317232
-4.3638548
-3.9078665
-3.2836585
-2.8335446
-3.3668672
-3.5383083
-3.927079
-2.4205648
-2.2041172
1.0205951
-2.2897562
-2.5578716
-2.8791423
-3.257737
-3.9490172
-3.5539634
-3.0254651
-2.6796557
-3.5937619
-3.9937619
-3.3602215
-3.0849327
2.0477181
-3.0195038
-2.2116768
-2.9594898
-2.5742583
-3.6443774
-3.4361867
-4.2808378
-1.6525409
0.28090063
-4.4799777
-2.9473494
-3.9981398
-3.3084042
-4.3164749
-3.8361639
-1.8079443
2.1890357
-2.913161
-2.7567625
-3.9871414
-2.2605068
-2.721334
-2.9032465
-3.4781269
-0.87725757
0.28877426
-3.1001065
-2.1062609
-3.3000537
-3.2500228
-3.0056448
-3.3684005
-2.7363808
-3.1766268
-2.1898849
-3.1755537
-3.3205706
-3.1065188
-3.3422678
-3.8054822
-3.3345553
-2.9011263
-2.7665528
-3.2913516
-3.9589894
-3.5376414
-2.4545236
-3.3048214
-3.0558067
-3.2860342
-3.3048214
-3.2005982
-3.4107996
-3.2373475
-3.5848628
-2.4770244
-3.2227472
-2.4252902
-3.3823818
-2.8461885
-3.6147495
-3.6147495
-3.6147495
-2.8461885
-2.6130437
-3.5779482
-3.2065848
-2.9991405
-3.0863316
-3.2822655
-3.2822655
-2.9272726
-3.5628174
-3.6721308
-3.6721308
-3.6721308
-3.2721308
-2.3257254
-3.439817
-3.5271352
-3.5271352
-3.3668589
-3.431839
-3.3295645
-3.1547546
-3.3251074
-3.5794377
-3.8906595
-3.115854
-3.4423225
-2.5326356
-3.5794377
-3.4921195
-3.3979369
-3.3828061
-2.6330324
-3.3828061
-3.8033412
-3.8344422
-3.0658812
-3.2483679
-3.4112353
-3.5172136
-3.6045319
-3.4097721
-2.4381722
-2.9319363
-4.4073654
-4.4618446
-3.738738
-3.5027848
-3.8140065
-3.8824884
-3.8140065
-3.5293675
-3.738738
-3.3934714
-3.5638242
-3.7088412
-3.7088412
-3.5811865
-3.9811865
-3.9811865
-4.1006345
-3.7233852
-4.473159
-4.473159
-4.1181661
-2.6249105
-2.8806657
-3.2345855
-3.3543545
-3.8567046
-3.9537109
-3.9537109
-3.7284593
-4.1489943
-3.0959005
-3.1832188
-3.3834264
-4.000233
-3.0149143
-2.864141
-3.1532825
-4.1946547
-3.7692074
-2.7479671
-3.6762499
-3.3875745
-2.83595
-3.0655243
-4.1373482
-4.0096935
-3.6345085
-2.6951195
-3.6137627
-3.9766611
-4.156462
-3.1971733
-4.0745676
-2.9353531
-3.3158148
-4.1092477
-3.0251801
-3.9897997
-3.9835552
-3.2400259
-4.0897997
-3.3400259
-4.2897997
-3.9203556
-3.9203556
-3.9203556
-4.6633149
-3.9286719
-4.0666833
-4.1691323
-4.2445277
-4.2445277
-3.0820014
-2.5836266
-2.9307027
-2.9416542
-2.7199247
-2.2993419
-3.1497765
-2.6000028
-2.6324949
2.6918504
-2.6868879
-3.2782404
-3.6014166
-3.2155274
-1.3099952
0.96333513
-3.6294057
-3.0618846
-3.5179251
-4.2889038
-3.9712739
-4.7464329
-1.5863031
1.4585437
-2.188568
-3.1362941
-5.0821418
-3.7973844
-3.8713116
-4.4844019
-1.0740712
-1.9034423
-1.2701661
-2.6050812
-1.9266862
-3.0345786
-4.3671526
-3.5782838
-3.8920939
-4.8592146
-4.3959581
-1.6859747
2.1836597
-3.2846575
2.3218751
-3.5241502
-3.0107426
-2.5606297
-3.0135545
-4.3995377
2.6688951
-2.8224604
-3.0224887
-2.5442469
-3.4020272
-3.6853974
-4.2491647
-4.701779
2.1855244
-0.94916133
-2.5919481
-2.6218073
-3.1414078
-3.873797
-4.1675815
-4.6991234
-3.5441475
-3.5130219
-2.8837421
0.96226501
-3.0260703
-3.2195884
-4.0275646
-1.7396661
0.86489444
-3.1258548
-3.0870624
-2.957349
-3.3488504
-4.1749326
-3.7173884
-4.0356942
-4.3040015
-4.3781914
-4.1585922
-2.5076037
-2.9837549
-2.406911
0.66070266
-2.173818
-1.5029179
-3.0706742
-2.5586353
-3.7437996
-3.4479489
-3.2002381
-3.1394344
1.6458209
-1.7368575
2.7115075
-3.5725389
-3.6965582
-4.2820476
-4.4919051
-4.0006074
-4.8744285
0.35239703
2.6657277
-1.8240559
1.2012279
-2.7106084
-4.1564354
-2.5939759
-2.814227
-4.3311587
2.6478891
-2.3304931
-2.0158392
-2.588196
-2.0886743
-1.9517671
-1.3834499
2.4156261
-3.3050026
2.2028934
-1.9459609
-3.0065526
-3.2199969
-3.6202524
-3.6961153
2.2757514
-3.0860943
-2.1041228
-3.5601507
-4.3276091
-3.5620018
-3.1986498
-3.5892259
-4.3280423
1.9364491
-1.5914815
-2.9250005
-3.5452889
0.28690771
-3.1177174
-2.2809112
-0.74152493
0.27490113
-2.4100834
-2.7810404
-3.866793
-3.3023548
-3.4733653
-4.849602
2.0883615
2.1691763
-1.381377
-1.8570228
-1.7406119
-2.3818113
-2.2229959
-2.8130266
-2.9029224
-2.6699378
-1.9999498
1.839461
-2.3248922
-3.9135541
-4.2322946
-3.4342018
-5.3190381
-1.0129318
0.15386698
-4.3135374
-6.0235739
-3.7616231
2.5343696
-2.4469366
1.9366772
-3.0463863
-1.9287594
1.3782448
-2.2084483
-3.1794437
-1.4086337
-1.2528546
-2.1619988
-0.27791326
-2.9871818
-2.467011
-3.4718146
-3.3059659
2.3238862
-2.9575689
-1.7886562
-2.9132362
-3.9166392
1.6741442
-3.0655517
-3.235623
0.044851756
1.0570345
2.8765199
-2.9029426
-2.5280265
-3.24323
-4.7352088
-2.8376448
-4.310193
-3.9816577
-4.1718924
-3.7095626
1.4215263
-2.3274006
-1.3181961
-1.7307079
1.9064284
-3.1515001
-4.1574498
1.9656427
-2.8695106
-3.0122551
-3.8101384
-3.7521403
-2.970008
2.4289125
-2.7911069
-3.3838375
-5.27722
2.549526
-1.7302243
-1.5751968
-2.2590512
-2.0816638
-2.8314692
-3.3357495
2.0652025
1.4090616
-2.9073986
-1.6522262
2.011053
-3.285293
-4.0082259
-1.8666937
-3.4369703
-4.0184087
-4.1660479
-3.9122655
-4.5102002
-3.4294917
-4.1504859
-4.1317279
-4.017551
-3.8469947
-4.7828588
-4.3292539
-3.4390236
-4.5395724
-4.6292669
-4.7021608
-5.8366875
-3.1652059
-3.5320537
-2.4475329
-2.7220376
-2.1043721
-1.8097352
-1.9013443
-2.6444257
1.7910943
-2.2948814
-2.4925777
-4.0658149
-3.7110107
-3.5023289
-4.187065
-4.3928013
-4.1561383
-3.1129059
-3.9507778
-3.5017951
-4.129588
-3.1495941
-4.0013293
-4.2187803
-4.3652605
-3.7117216
-4.4614954
-4.4614954
-3.6879891
-4.3993714
-4.1531886
-3.8853045
-4.2602476
-4.2296723
-4.5808591
-4.5034586
-3.5147766
-4.5633304
-4.513505
-4.4572877
2.200551
-4.3839029
-3.0982987
-3.8673564
-3.955659
-4.0630893
2.0119332
-2.2925363
-0.37769123
-2.9173883
-2.3201925
-2.051229
-3.4894734
-4.0127428
-3.9394226
-3.8187897
-4.1410827
-4.4487522
-4.3425402
-4.9736416
-1.5862633
1.7686171
-2.2516184
-3.0478328
-4.4469321
-4.8716998
-4.3412915
-3.9852758
-1.812048
-3.6303532
-2.6035184
-4.2038213
-4.3887467
-3.3949278
1.0412086
-2.2120757
-3.0980224
-3.2685287
-3.5702133
-4.447832
1.6948432
-3.8303837
-3.5288852
-4.0789766
-4.6849849
-4.6063324
-5.0733163
-4.5381123
-4.0342008
-4.8296949
-4.3595195
-3.452395
-4.8983357
-4.1437037
-5.2083217
-4.4508611
-5.8848677
-4.0506624
1.8153636
-1.8969443
-3.4372162
-3.6345515
-3.2606571
-4.1510913
-4.3857914
-3.6621371
-2.8598671
-3.8384766
-3.7534822
-2.9581143
1.8184587
-2.5683032
-3.1733644
-2.1130217
-3.0346674
-4.5886226
-3.8172096
-3.6467269
-3.2572639
-2.9871106
0.75738955
-2.6830193
-2.7154257
-3.6830159
-3.8689127
-3.9231625
-3.7392803
-3.5426704
-4.2697159
-4.7816009
-3.8935062
-3.8133391
-3.1831797
-4.1260845
2.3827467
-2.5602254
-3.2977401
-3.2723465
-4.0762981
0.66494847
-1.7963392
-2.6604837
-3.268986
-3.2982921
-2.3554054
-4.3648088
-3.448694
-3.6302396
-3.5501404
-4.3413771
-4.6398222
-3.6675288
-4.9340157
2.1791092
0.22160345
-0.4661653
-3.6872016
-2.7357791
-3.5483544
-3.7944981
-3.5935999
-3.1725952
-2.9991416
-3.9803072
-4.4693034
-3.347601
-4.0208875
-1.6706779
2.341887
2.2121926
-3.0392028
1.5188194
-0.98894233
-2.5839783
-1.7424722
-1.4854791
1.0432698
3.4029486
-4.1403892
-0.40237572
-1.1404845
-2.6825834
-2.3818464
-3.2328473
1.6324067
-1.1238188
-2.6819195
1.8930043
-3.8359693
-3.3474921
2.3148885
-2.7144432
-3.6744667
-3.4239247
-1.4038238
-1.6813458
-2.9096122
-2.0612181
-1.8003591
-0.035415662
-3.6848474
-3.3630358
-3.7884076
-3.643746
-4.2213201
-3.4465164
-4.7632641
-3.6704206
-4.6492971
-4.6576284
-4.3887813
-3.7874134
-4.4091239
-5.1446455
-4.4351085
-5.4017622
-5.2146082
-5.4624833
-6.0121136
-4.798031
-4.0527804
2.99355
-1.325082
-2.8504675
1.3777731
-2.4896031
-3.2508772
-3.187936
-4.0208532
-3.5140694
-3.9472194
2.165069
-1.6258354
-1.8842064
-4.0934014
-3.7758625
-1.3485117
1.9218214
-3.5579411
-1.0669433
-2.516431
1.391656
-1.738173
-0.49329934
1.9044234
2.0262381
-2.5133201
-3.8553355
-3.769806
1.5271107
-3.2732349
-2.4739641
2.7604083
-0.92721217
-1.0348674
-1.5041441
-1.3455046
-1.026467
-2.4378797
-2.1802997
-2.1720038
-2.7836326
-2.935022
-1.8546261
-2.412665
-2.6803249
-2.8998831
-2.9992492
-1.9550198
-2.8377207
2.1927038
-4.0674812
-3.7563662
2.4373923
-3.4840566
-3.2235897
-3.5891434
-3.380442
1.2702578
-3.2181953
-2.43811
-4.0844912
-3.9222556
-5.8220855
1.898187
-1.6666085
-3.873797
-4.0626204
-3.3064249
-3.6989868
0.64944899
-3.9569563
-3.569919
-4.4764464
-3.8255478
-3.6742794
-4.0193006
-4.701069
-3.4615203
-4.3873132
-2.2787377
-4.5789458
-3.6378121
-3.2510454
-2.7007785
-2.3263042
2.6744998
-3.7225564
-3.8194892
-3.5212546
-3.8062131
-4.6664744
-4.3720902
-4.0500219
-4.4704154
-2.9356616
-3.9996073
-3.8985516
3.0253846
-2.6706139
-3.607581
-2.5049848
-2.9919328
0.88186248
-2.4366061
1.98647
-1.9434613
-2.4570424
-3.9506787
-3.004412
-3.364569
-3.7810506
-3.4694431
-4.2627273
-3.6257592
-3.7935764
-3.7534139
-4.1534139
-4.3028897
-4.2141114
-4.0384461
-4.608353
-3.986234
-4.7358337
-4.1657423
-3.6889428
-4.4075086
-4.0646022
-4.1265248
-4.0240889
-3.781167
-3.8057136
-4.3976951
-3.6659139
-3.6654681
-4.5821058
-5.3256351
-5.1417631
-3.7963726
-3.4644188
-3.5939854
-3.668008
-3.8646396
-3.7771473
-4.4867586
-4.0465928
-3.6646005
-3.6452177
-3.5666636
-3.6617266
-3.7677048
-3.7508808
-4.6157698
-4.6412501
-3.890716
-3.4953961
-5.1584778
-3.6579505
-3.6339645
-3.8834925
-4.6292992
-5.1880164
-5.6942285
-4.9175393
-5.5203214
-5.1670371
-3.0232155
-2.3676744
-1.2519773
1.6512688
-2.4083749
-4.2882914
-4.2021136
-3.3121925
0.89209046
-2.8824165
-1.7064205
2.049783
-4.1935077
-3.9563104
-5.4329711
-4.4691144
-4.3981373
-4.13549
-5.0892191
-4.4997194
-3.8121279
-5.3680152
-4.0698689
-4.0692218
2.7878789
-2.5543815
-2.122991
-4.5921686
-3.4830457
2.107083
-3.0087376
0.44890752
-2.9046993
-3.26635
-3.4394393
-3.6074632
-3.6074632
-2.8120405
-3.121691
-2.5734073
-2.5063255
-3.0566909
-1.8626788
-2.5260782
-3.9421935
-3.5890587
-2.775057
-3.5447831
-4.1228325
-4.0013078
-3.9603232
-4.3283459
-3.0694428
-3.6019456
-4.1958681
-3.358776
-3.0489455
-4.276367
-3.1587952
-4.7775856
-3.3522621
-4.3001706
-2.8434142
-3.1926506
-4.1772063
-3.5549811
-4.1438028
-4.2750862
-4.5129997
-3.795457
-3.8694274
-3.648499
-4.4856342
-2.9605682
-4.817171
-4.9104287
-3.7854663
1.2443498
-3.7657875
-3.4497085
-3.9088637
-2.7529954
-4.3724193
-4.2603198
2.2720576
1.1263675
0.21884524
1.1660821
-1.9104742
-3.2569171
-2.7982692
-2.1601239
-2.0664513
-2.9715051
-3.6432716
-3.1424394
-3.3975542
-2.08873
-3.4398349
-3.2372905
1.8739642
-2.9882058
-3.417397
1.7515703
-3.8777961
-2.7340608
-0.067671576
-0.61976526
-1.430255
-2.5133984
-3.0801083
-3.4249282
-1.4541946
-2.6266518
-2.4603725
2.2332089
-2.3662614
-0.54304104
1.2913378
-2.4833603
-3.5435048
-3.7046655
-3.8099628
-3.7734401
-1.4432471
1.9128675
-4.5723708
-4.0570878
0.74196039
-3.908574
-3.2485577
-4.058945
-3.6606756
-3.7741287
-0.56586961
0.028025788
-2.3857795
-2.4413906
-3.0596666
-3.2785965
-3.9452595
-4.4038596
-3.8967329
-4.4880254
-4.406502
1.1705145
-2.9496959
-2.3096843
-2.2327482
-2.4681553
-3.253548
-2.3830482
-3.1248862
-2.7517607
-1.3306013
1.7613431
-2.9782594
-3.8142866
1.0883925
-3.558652
-2.7427909
-1.7403118
1.343944
-2.0784151
-3.3360916
-2.4983882
2.3707737
-2.1688399
1.9364557
-4.1165433
-3.0111785
-4.4466988
-3.2969467
-3.2764736
-3.3181544
-2.9370706
-2.207553
-1.2083592
2.7435908
-2.2665216
-2.9678838
-3.8824978
-2.6789024
-2.82146
-3.9898258
-1.8913119
-3.2748318
-1.8845056
-3.420747
-3.6981039
-3.0871836
-4.4712348
-4.2127452
-4.3638965
-4.7242305
-3.0544353
-5.1216674
-2.0365603
-3.3420521
2.2007954
-3.3414062
-3.4220364
-4.5484357
-4.6627072
-4.6289836
-4.6260522
-4.6508866
0.57206724
-1.7273715
-3.7814025
-1.0047036
1.3511561
-2.4695642
-1.931474
-2.6857259
-4.7497231
1.9932411
-2.9444408
-3.6013609
-3.8487705
2.1220512
-3.1186435
1.7614188
-2.300863
-2.2310117
-2.6045111
-0.34706087
0.039942702
-3.6128839
-3.4590385
-3.2352116
-3.2611306
-3.3597364
-3.5884978
-2.3964129
-4.0300202
-4.0300202
-3.0125718
-3.1402265
-3.8229353
-4.0162318
-4.640567
-4.8413128
-2.78493
-4.4753093
-4.6566799
-4.554244
-4.547041
-4.6152244
-4.1723453
-3.444198
-4.0423983
-4.3988144
-4.4395995
-3.5162378
-3.9688391
-4.357931
-3.6102876
-3.6009933
-2.5798984
-4.7181698
-3.7794736
-4.2739721
-4.517276
-4.1265584
-4.1539048
-3.9532028
-3.1786642
-4.1587153
-3.9800316
-4.0377165
-4.2569884
-4.1832564
-3.9411183
-3.8134636
-4.3240093
-3.9370819
-3.1161333
-4.3922138
-4.5114641
-3.3629963
-4.7060666
-4.0287745
-3.5562929
-4.7060666
-4.1798351
-3.4503146
-4.41538
-4.3094017
-4.0521804
-4.200407
-4.0583795
-4.534828
-3.8966981
-4.3399846
-4.3060666
-3.7850542
-3.8992079
-4.6276374
-4.2289853
-4.1875203
-4.0173444
-4.7805346
-4.4126644
-4.0576715
-4.1872381
-4.2932163
-4.2932163
-4.4702247
-4.5599192
-3.9776993
-3.561784
-4.5081893
-4.1512543
-4.2297902
-4.4183916
-4.6241699
-4.6373323
-4.9534474
-3.6703074
-3.3864194
-3.8876574
-4.9005101
-4.7038785
-4.5762237
-3.9541047
-5.3582338
-5.3582338
-4.6339474
-4.627703
-4.9582338
-4.8489204
-3.2370182
-4.3582165
-4.3517794
-4.4712274
-5.5419247
-3.801972
-2.8898739
-3.1527449
-1.6984817
2.653848
-3.959632
-3.4185545
-2.5845973
-3.183804
-0.42796402
0.63239876
-3.8541532
-3.3018263
-3.4700667
-4.2598872
-4.5108935
-4.6168601
-3.5378047
-4.2875785
-4.3813152
-3.5038867
-4.4520385
-4.1861357
-3.7488242
-3.876479
-4.6262527
-3.9920849
-3.8452528
-3.8895874
-3.8030842
-3.6283111
-3.8699991
-3.7205234
-4.5643056
-3.8296626
-4.2264144
-3.3247646
-3.5700079
-3.7346713
-3.9625178
-4.0747356
-4.6382277
-3.4454069
-2.9779963
2.0325044
-2.8945375
2.3863243
-2.8491588
-2.6692662
-2.3033809
2.6232908
-4.1333536
-4.3631379
-5.0869433
-3.4625939
-4.2852375
-0.96619879
-1.7164993
0.79546592
-1.9817414
-3.630472
-3.4976892
-3.5953891
-3.9622715
-3.2762486
-2.463435
2.7243895
-1.9724502
-2.6541642
0.78524631
-3.0571226
-3.271198
1.8792062
-3.7287475
-3.1525535
2.1446762
0.92164579
-1.3421346
-3.0538938
-3.8092955
2.1629497
2.5161224
-3.0205714
2.5549699
-2.7408825
-3.5643883
-4.2260846
-3.4102929
-2.4906198
-3.9282416
-4.0781486
-2.7209189
-3.8521762
-4.3115078
-4.2180017
-2.4670014
-2.1455921
-1.7028828
0.02977993
-3.7715717
2.2320113
2.6700686
1.9874733
-2.2700344
-2.7838149
0.75621066
-2.1028653
-4.064288
1.7217107
-3.7902073
-3.0194383
-4.5378524
-3.0835064
-4.0199548
0.65321227
-4.6937214
-2.7655287
0.30607296
-2.6359592
-4.1029294
-3.3584806
-4.0011413
-3.3152254
1.6613641
-3.3050356
-2.3996338
-0.28686786
-2.6667178
-3.0505442
-4.3683028
-3.8860997
-3.8473651
-2.4967449
-4.3946895
-3.7076691
-4.9636884
-4.145149
-4.6763123
-4.888627
-4.4986655
-3.481941
-1.4606946
1.9849402
-2.3374184
-3.3073241
-3.5302013
-3.3840143
-3.4096555
0.75247184
-3.1795482
-3.2197315
-3.5106743
2.9931536
-3.2864786
-3.6209225
-4.0268801
-3.8897848
-1.0339706
-1.6914186
-1.1888491
0.54619
-3.7082691
2.8595401
2.2608504
-1.9446576
-3.4930994
-3.5964304
-3.6640946
-3.0643152
-1.9851213
-3.54358
1.7216916
-1.824932
-2.0669282
-1.4633126
-1.6022965
-2.0446076
-1.9572894
-1.6022965
-1.2581523
-2.2158463
-2.2170322
-2.3446869
-2.5446869
-2.6641349
-2.6641349
-2.4151203
-2.7446869
-1.92477
-2.7932766
-2.8253611
-1.5994577
-2.7864663
-2.3040486
-1.6330917
-2.1023135
-2.1494129
-2.1287726
-3.2828994
-2.3520247
-2.1989165
-2.2934997
-2.4269897
-2.3430122
-2.9717736
-1.9247801
-1.7040999
-2.382982
-3.1327557
-1.8813571
-2.6599815
-1.2774158
-3.1125025
-2.5506681
-2.0175239
-0.58070001
-3.1954463
-3.9449208
-4.3727028
-4.4513153
-4.7219099
-4.0455726
-3.2637151
-3.5115601
-4.0415132
-4.5095409
-3.6566283
-4.2698069
-4.3707817
2.6061172
-2.7584742
-2.9946275
-2.5260349
-2.2282889
-1.4000651
1.2899591
0.87833951
-1.2093914
-4.6253694
1.5493682
-2.201619
-2.6780055
-3.0947742
-4.2039513
-4.4332303
-4.655239
2.3054672
1.7332851
-2.3575793
-2.4926498
-3.188129
-2.5217199
-4.5070749
-3.6313428
-4.5710147
-4.3128203
-4.6168241
-4.7574101
-4.2804574
-3.4472766
-3.3264026
-3.1918856
-3.9562738
-3.9787451
-3.288914
-3.6031846
-3.349989
-4.5169578
-3.9481943
-3.6411261
-4.5136905
-2.5860451
-2.5860451
0.95651563
-3.3678217
-2.9704237
2.1147903
-2.6033456
-2.7654427
-2.3976042
-3.869124
-3.4861151
2.5005644
-1.9450299
-3.3299865
-3.9817576
-2.3508757
-2.2890804
-3.8744893
-2.7747201
-3.3148774
-4.4080959
-4.2920494
-3.4466454
-4.493541
-4.0920185
-2.8788011
1.1737498
-2.6711482
-1.9245091
-2.6717897
-4.2751657
-3.5610828
-2.3401056
1.9738933
-2.2620865
-2.5863223
-3.1466552
-3.5862415
-3.8474281
-4.3638299
-4.4250942
-4.3919742
-4.0862195
-4.6350211
-4.244349
-3.8606572
-4.610431
-3.9309409
-4.3285287
-3.8216275
-4.806547
-4.6308817
-3.9444106
-3.0271335
-3.7737565
-3.97296
-4.0105397
-3.3700793
-4.26487
-4.039726
-4.1524901
-4.2180512
-4.3405469
-3.741298
-3.4277644
-4.7962114
-4.4310462
-3.1496348
-3.800195
-3.6838073
-4.2565728
-3.906799
-3.906799
-5.0708634
-4.1855867
2.7060851
-0.96167513
2.4921631
-2.9615372
-3.144951
