-1.9656688
-1.4096456
-0.8902652
0.087997184
-1.1655476
-1.6459391
-1.7746346
-0.87970389
1.4567138
-0.90700386
-0.8317606
-1.490496
-0.21294432
0.17135223
-2.6840028
0.37309998
0.61069179
0.64238186
-0.57205628
-1.3672483
-0.49599748
-0.64481148
-1.2125784
-0.27996999
-0.044670203
-1.0294838
0.68103335
1.1438548
-1.6480818
-1.9379082
-2.0129671
-1.6788877
1.1845527
-1.4791365
0.95957384
1.2482352
-0.26817967
-1.7836483
-2.1363247
-0.88694241
-1.1797733
-2.3003261
0.78187114
-1.5330276
1.3374928
-1.3554677
0.70474167
1.1675631
-0.42739433
-0.59199634
-0.97603785
-0.57964375
-1.9575456
1.0286523
0.8790572
-0.31307938
1.1176599
0.79175851
-2.3111685
-1.9178123
-2.006343
-2.3680162
-1.8716909
1.0413253
1.6029629
-1.494562
-1.4908285
1.2327938
-1.070353
-1.7842744
-1.7588025
-2.1515627
-1.1946116
-1.4222037
-0.65272953
-1.3481789
-1.2413439
-1.6723346
-1.7040416
-1.4345832
-0.57378267
-1.1942461
-1.3152476
-1.3148135
-1.2109459
-1.2109459
-0.98309995
-1.173268
-1.1482771
-0.86454687
-0.42083621
-1.6078764
-1.7556205
-0.90146466
-1.5719212
-2.0134368
-0.66043513
1.0112705
-1.4149582
1.3760701
-1.3341357
-1.3893432
-0.025610737
0.38072397
-1.8393741
-1.7564628
-1.5236866
-2.4357842
-1.6085258
-1.6219664
1.7046047
-1.6228407
-0.40512104
-0.89028275
-1.0958478
-1.9714459
-2.0548813
-1.6027773
-1.5922359
-1.9598957
1.6032246
-2.1669034
1.2245269
1.3729971
-1.5697074
-1.4392976
-1.7456237
-2.2856318
-1.8256558
-0.6217481
-1.0841461
-1.7362918
-1.1796706
-1.439501
-1.5782568
-2.0084045
-2.1429121
-0.89027063
-1.607775
-0.29946989
-1.2086793
-2.5354929
0.85550477
1.1990854
-1.9001949
-1.74954
-2.8311125
-1.5623481
-1.6491783
-0.59650553
0.56418136
-0.60439861
-1.589922
-0.91086475
-0.5389173
-1.4903016
-0.10908702
-1.5538277
-1.8436823
-1.7566203
-1.3110928
-1.0642225
0.36461042
0.86859851
0.53950884
-1.1775063
0.29488881
-0.0767688
-0.79109214
-2.6187568
-1.3863254
-1.1111599
-2.017032
-1.0542504
-2.2920854
-1.7836459
1.9011137
-2.3409511
-0.33052189
1.0451563
-1.7675059
-0.82897148
-1.1762646
-0.90961575
-1.0692297
-1.7220558
1.1610071
1.6238285
1.95407
-2.4438096
0.40440948
-0.45793864
0.052470644
-0.89353651
-0.82425923
-1.5222635
-1.3726949
-1.1508601
-1.883924
-0.19816278
-0.65969726
1.2245269
-1.8992414
-2.2846239
-1.9551546
-2.1690588
-1.3924016
1.1269095
-1.7702533
2.103789
-2.2505266
-1.5838355
1.3780273
-1.4994355
1.7614572
1.5423014
1.0885804
-0.26278064
-2.043377
-1.383668
-0.79124538
-1.2328923
-2.3938706
-1.7533518
-0.11468694
1.5338617
-1.71845
1.7769682
-1.8303738
-1.0004407
-0.36318577
-2.0312397
-2.3275942
-1.2117662
-1.6573916
-2.1396888
0.8531355
1.2994156
-0.46316318
0.14320186
-0.88182442
1.4389444
-1.5927601
-1.3337107
-1.8710554
-2.0230458
-1.8613209
-2.5923605
-3.1203828
-1.982819
-1.1631848
-1.8599808
-1.7397731
-1.5196639
0.11531122
-1.8839236
2.1103328
-1.9452449
-0.12536677
-1.7225728
-1.9795518
-1.1066378
-0.63114908
-1.8819126
-0.18126137
-0.56757615
-1.5647842
-0.66126112
-0.0035880245
-1.6727964
1.6761291
-1.166398
1.004911
-0.93974819
-1.2077498
1.0969593
-1.7450308
-1.4175166
-1.7995908
-0.83348769
-0.67651951
-1.2194545
-0.84830293
-1.2291349
-1.4639434
-1.4170647
-0.42968087
-2.3332329
-0.91095546
-1.242324
-2.0382548
-1.9215045
-1.8454618
-1.9614381
-1.9067786
-1.9515218
-2.2241856
-1.490954
-1.2838121
-1.7078791
-2.4357234
-1.7767686
-1.3616618
-2.0398397
-2.0398397
-1.8368192
-1.0097175
-1.9126862
-1.9227181
0.81884918
-1.8933305
-0.18201238
-1.0285371
0.012025774
-0.018530443
-0.94103344
1.9110173
-1.9811044
-1.6495567
0.79109122
-1.4357341
-0.31741447
-1.1795734
-1.9820027
-0.60030381
-1.5152475
-1.2486101
-1.8216346
-1.8216346
-1.7059743
-2.087969
-2.0723459
-2.0723459
-2.1027439
-1.474068
-1.474068
-1.9699153
-1.8113587
-1.2650137
-2.7940365
-1.5054532
-2.280504
0.2003744
1.1941891
-0.29635736
-1.1866146
-2.3172674
-0.54001712
-1.8225248
-2.0322851
-1.7296682
-2.1001001
-2.1001001
-1.6341189
-1.098382
-1.6858912
-1.8444166
-1.8516557
-1.6038648
-1.6532653
-1.5152308
-1.4722922
-1.5718233
-1.4631722
-1.9710234
-2.0954343
-1.6581445
-1.2592502
-1.4346858
1.6255099
-1.5041482
-1.8730177
-1.9856226
0.675752
-2.0678082
-2.0018604
0.28485008
-1.0103981
-1.491362
-1.3461915
-1.0488198
-1.1078438
-1.4077139
-1.5387639
-2.4424932
-2.4504595
-1.6200909
-1.4470229
-1.3858174
-1.5017867
-1.7785575
1.165481
-1.1569116
-1.5055393
-0.12088003
-0.60256148
0.66975612
1.1325775
-1.4416674
-1.7386581
-0.6985945
1.4976925
-1.9594198
1.1582658
-2.1977967
0.83400808
1.2802882
1.9140906
-2.2102334
0.51556835
-0.46450383
-1.2418652
-1.3256431
-1.8704225
0.64194631
-0.70409023
0.4100087
-0.82090051
-1.0091193
-1.146327
-1.3544742
-1.4050275
-1.1166452
-1.2015278
-1.3365089
-0.77571407
-2.1943396
-1.4942114
-2.3156297
-1.4078973
-1.2360374
-1.6780862
-1.2114108
-0.85968528
-1.5900553
-1.7151532
-1.6725512
0.90086697
0.93255703
-1.1428963
0.29677881
0.14588425
0.14578533
-1.2959872
-1.7881733
1.0802537
-2.4486682
0.94732069
-1.6504575
-1.8046373
-1.980014
1.1975446
1.8251099
0.67449258
1.137314
-2.2437465
-1.9123285
0.2746165
0.90218178
1.4703801
-1.5943011
1.0584989
0.90890378
0.37079697
1.3327881
-0.13414407
-2.4788253
-1.9165018
1.0143668
-0.91190939
-1.7871457
1.6470355
2.0933156
-1.2605292
1.1811835
0.18381436
-0.87095907
-0.41920909
-0.40748382
-0.99254816
-0.49886898
-1.2386843
-1.4782886
-1.4276098
-1.1981921
-1.4027089
-1.7391116
-1.017084
-0.88793145
-1.349605
-0.83655193
-0.97310032
-1.4371942
-0.2964835
-0.63919874
1.3982653
-1.7681735
0.38268873
-0.77871742
1.5544705
0.5626003
0.67664597
1.7614572
-2.1124694
-1.0582687
-0.83184595
-0.43094615
2.0866245
-1.6439988
1.1675702
1.2482352
-0.60279607
1.3659997
-0.19158066
-1.8719256
-1.154068
-1.6247946
-0.98502715
-1.5030296
-1.1187598
-0.95937063
-0.47832395
-0.46185492
-0.055396287
1.0344304
-2.5806421
0.68103335
1.1438548
-2.0143409
1.9499264
-2.2853045
0.25313816
0.16679889
-0.71904183
-0.33104006
-0.97426998
-0.70123054
-1.4868803
-0.73823493
-1.2698797
0.11735066
-1.3475036
1.4012182
1.2681644
0.47921947
0.25843445
-0.75114459
0.40505779
-0.82384705
0.39370618
-2.4478269
0.44745534
0.62743696
1.5544705
-1.984608
1.8411524
-2.0985382
-2.1550077
-0.32295675
-1.6891018
-0.5322674
-0.12270133
-2.0260288
-1.7868591
0.63749105
1.2650563
-0.93387904
-0.97656113
-1.9458544
-2.4827879
-2.9298808
-2.0602615
-1.5788661
-1.8298664
-2.0912017
-2.2716316
-2.5231365
-2.7342487
-1.0661687
-1.3769223
-2.4100903
-1.917835
1.0376269
-1.3901028
0.46713065
-0.56190607
1.371298
1.3561398
1.2736015
0.8047244
-1.116939
-1.8316155
-1.9042316
-2.2429504
-2.0208495
-0.48000222
0.8868335
-1.850807
-2.3877635
-1.7822664
-2.1022158
-2.4162113
-1.7657609
-2.0007417
-1.6796772
-0.19243657
1.6546886
-1.7597735
-0.80840717
0.19221953
0.59164225
-1.5075038
-0.65155368
-0.52128579
-0.62677582
-0.95217144
-0.50226915
-0.43002677
-0.53212544
1.2482352
-2.5515787
-1.8670874
-1.8309964
-1.7617351
-2.299651
-1.7622346
-1.824106
0.93098393
1.4926216
1.3652525
0.59175352
-1.680235
1.5575294
-1.4665557
-1.746368
0.87318009
-1.0647076
1.2331219
1.6959434
-1.7033739
-0.64866705
-2.2361328
-1.8853931
-2.1986828
-0.23431996
-1.9848844
-1.8421963
-0.89674071
-0.29274204
-1.7210243
0.90030915
1.3631306
-1.242352
-1.6733001
1.084263
-1.9530949
-0.60279607
1.3508415
-1.6556399
0.008287136
-0.3753175
1.4751156
-1.8522528
0.027462763
-2.0198034
-1.5734524
-1.7122916
-2.3543513
-1.9568326
-1.9506595
-1.8754731
-2.1091781
-2.456754
-2.3664605
-2.2454021
-1.5255425
-1.2139246
-0.83827203
-1.0489252
-1.0489252
-1.0489252
-1.5624972
-1.5624972
-2.0983313
-1.8079452
-1.5526172
-1.1345945
-0.57088885
-1.7074159
-0.98961791
-0.85592672
-2.143373
-1.4487569
0.86760759
-1.2393342
-0.11755418
-0.39122429
-1.4348171
-1.7899721
0.99031897
-1.288368
-2.0882664
-1.6236443
-1.7773837
-1.2161838
1.1268449
-1.5800205
-2.1055014
0.20117529
-1.0520895
-2.4092947
1.9566316
-2.459269
0.87715033
-1.1445618
1.4466718
1.1246615
0.67094059
-1.4292238
-1.3011667
-0.41035634
0.16726849
0.91338635
1.3762078
-1.6727751
-1.3118953
-0.97435851
-0.81657333
0.98112828
-2.5778652
0.80529286
-1.9754936
-1.8814704
-1.9056451
-1.9386091
-1.3331804
-0.13722822
-0.33082168
0.73987895
-1.2078139
1.9110027
-1.8558398
-1.5497769
-0.87190274
1.2964403
-1.7809543
1.6144861
-1.3442356
-1.9233296
-0.86256782
1.1664233
-1.0936221
-1.625624
0.12947338
-2.1387758
-1.5056725
-1.9727767
-0.7771968
-0.62573148
0.94305516
-0.94831787
1.3305581
1.2633934
-1.7054595
-2.054199
-1.9828123
-2.0810371
-2.8545801
-2.2244435
-1.1584416
0.27997944
0.75359303
-0.31809325
-0.7702468
-1.3992929
-2.3258526
-1.9742427
-2.1156818
-0.43824875
-2.4678958
-2.258597
1.496359
1.3467638
-1.7927881
-2.0440116
1.8190893
-1.9473082
0.91172839
1.3745498
-2.5698663
-1.0544611
-2.2978554
-1.3860854
-0.37020333
-1.7597703
-1.4214054
0.20695712
-0.27052575
0.25194733
-1.3938771
-1.8893093
-1.9973182
-1.1817683
-1.848777
1.4315136
-0.47685076
-0.15428789
-1.1732182
0.71568107
-0.30046964
-1.4304856
-0.98855501
1.0533205
-1.2359485
-2.6051405
-2.1208345
0.19727111
0.82483639
-1.6422954
-2.0129302
-1.6563698
-1.096844
1.1308435
-2.1211539
-0.51960453
0.20000862
0.64628871
-0.3135998
1.0300417
-2.9279457
-1.8879611
-1.6247671
0.88578117
-1.1931136
-1.6673398
2.0215816
-1.9087063
-0.21304242
-0.64349924
1.4315136
-0.85172751
-1.3921034
-0.61347857
0.13818546
-0.75995158
-1.0191351
-0.48758308
-1.672252
-1.4805868
-2.3141739
-1.5097001
-1.184373
-1.8535656
-2.1941601
-2.2552373
1.2822648
-1.8147116
1.3712024
-1.2159467
-1.8834058
-1.5709322
-2.2621608
1.0112363
-1.4311041
-1.9497456
-2.109717
0.19623382
0.8237991
-0.16742255
0.43915121
0.55117609
1.9242347
-1.7094521
1.4529022
1.4660631
1.3330093
1.8540009
-2.0486579
-1.8868089
1.2863416
-1.7232749
-2.3915016
0.54250677
-2.1507089
-0.78493755
-2.1030212
-2.1526843
-2.3862167
-2.3931879
-2.4214413
-2.413017
-2.2420985
-2.1550395
-1.1485181
-0.77523131
-1.5426526
-1.9450212
-1.3214889
0.46659893
-2.0500793
-2.2646156
-0.7231688
-2.3692164
-1.2391631
0.42833982
-2.1708983
-2.411032
-2.3190766
-2.0246897
-2.0498884
1.5701554
-1.658672
0.3092748
-1.296859
-0.48278798
0.021200103
-0.84135668
-0.61740671
-2.2161069
-0.75654871
-0.28025927
1.192848
-1.3217192
-1.8377403
1.2751998
-1.6270196
-1.5425
-1.767018
-0.30184412
-0.67107091
-2.1033857
-1.493626
-1.8026764
-1.5374161
0.60006221
1.0723828
-0.97626853
-0.049900438
0.38056373
1.2875997
-1.4276199
-0.46488386
-1.9277446
-0.7785789
-1.3547119
-1.6457603
-0.80948963
-1.2319199
-1.4816541
-2.605735
-0.37312402
1.8617545
-1.1393677
-1.7097087
-1.3272284
0.2815981
0.75391868
0.34045537
0.94842633
1.4466718
0.82416311
-1.6505509
-2.0201017
-0.35550438
-0.057911864
-0.98461529
-1.2726888
-0.44206355
-0.96359543
-0.93892494
-1.377424
-0.9030942
-1.494187
-0.73818472
-0.76943328
-0.12448879
-1.5919219
0.32104678
-1.6798751
-2.7571766
-2.1337407
-1.7583263
-0.68689788
-2.0265397
-1.6679098
-1.7948072
-0.50221834
-1.1447766
0.98728959
-2.2621011
1.2161188
-1.3262706
-0.31490636
-2.1270736
0.16619066
-1.9004379
1.8790102
-2.0088216
-1.298215
-1.2948232
1.0935498
-1.812274
-1.5700108
-1.6812779
-1.7466913
-2.3022672
1.3777708
-1.7925275
-2.4769024
-2.9317862
-1.2008173
1.2482077
-2.9740975
-2.5819619
-2.3132096
-2.5074564
-2.1444021
-2.1241445
1.332076
-2.2436395
-2.2559158
-1.890362
0.56273976
-1.5426086
-0.89516344
-0.93844349
-1.605683
-1.7805363
-0.79362249
-2.1753807
-2.1380346
-1.8680879
-1.6661072
-0.16521925
1.2269181
-1.6154537
1.7960454
-1.2700733
1.2178514
-1.318625
-1.1985219
1.2534043
-1.8404502
-0.44939139
0.022276183
-0.85303858
-1.9145233
-1.7990775
-1.7247379
-0.61206397
0.29466194
-2.3689147
1.9815024
-1.9976619
1.3668058
-2.1114319
-0.91628034
-1.4032992
-1.8721934
-1.0271176
-0.3887125
-1.6287261
-1.4608525
-2.115678
1.6009796
-1.4400226
-0.56299475
-1.469792
-0.55414901
0.20983668
-0.052617948
-0.4220153
-1.3825352
-0.97779087
-0.49715659
-1.9713193
-1.6170708
-1.0739956
-1.1127734
-1.9387754
-0.0074372846
-1.9518536
-0.63276965
0.64950166
-1.0776015
-2.070784
-2.1167966
-1.9822731
-1.3581413
-1.3475795
-1.2914738
0.97594971
-1.19197
-1.3287831
1.9644882
-1.5118386
0.35561358
0.49971573
0.87340795
1.9258109
-1.9576251
-1.8361773
1.1146745
-1.6630801
0.89339922
-0.23009895
-0.59839753
-0.70709075
-0.8297469
-0.74464057
-0.99117573
-0.87957815
-0.79590542
-0.31774991
-0.16402742
-0.66456318
-1.029024
0.59823808
-2.4355039
-2.0401681
-1.9353339
-1.5722459
1.1349669
-0.24335509
-0.73883677
-0.3508741
-0.94493242
0.32801889
-0.77034758
-0.39818779
-1.6417061
-0.0553214
-1.059065
-1.6965608
1.3325271
-1.5982625
-1.9738971
1.3877456
1.8340256
1.5994687
-1.6896594
1.7045006
1.235464
-1.713079
-2.2090096
-2.1835789
-2.9110942
-1.5771403
-2.0162475
-0.8977416
0.44287733
-2.0816273
-0.60921304
-1.2465498
-0.48565218
-1.1840366
-1.5620292
-1.9561158
-0.61681166
-1.0578862
-1.2802832
-1.4340294
1.4520963
-1.1880174
-1.5131694
-1.8557894
-1.7633278
-1.4799196
-1.0897451
-1.8867031
-1.2596729
-1.0314686
-1.4056198
1.3068498
-1.739807
-0.36535499
0.47254249
-2.058501
1.4315136
-0.6945224
1.1603975
-1.6704136
-0.8206021
-1.9560943
-0.15896992
-1.4984004
-1.6023517
-0.00066887294
0.083761098
1.5028202
-1.7536748
0.95957384
-1.5780621
1.3511
-1.8675339
-1.659496
1.2878094
-2.0496198
-1.4077542
-1.398307
-2.1819312
-2.5407229
-2.4353623
-2.5853038
1.1230079
-1.9627752
-0.72209387
-1.356424
-1.3853035
-1.4838302
-1.0218603
-1.2608258
-1.1163833
-1.2029381
-1.0311221
-0.10418091
-0.67634451
-0.85700213
-1.9527084
-1.0629281
1.5627616
-2.1236947
-0.95871055
-0.51146987
-0.97543689
-1.296181
-1.7722223
-1.5382609
-1.3848672
-0.63412703
-2.2484725
0.79467723
-1.0927928
1.1688803
-2.4366498
1.0845602
-2.0230218
-0.94415317
1.0733913
-2.3760785
2.1274973
-2.2122774
1.7257981
-2.281527
-1.4300285
0.76184351
1.2081236
2.1610567
-2.0110263
-1.2479917
-1.3589661
-0.7523009
-1.6734934
-1.0736718
-1.8111571
-0.93930928
-0.31371034
-1.3938956
-1.7232076
-0.67503406
-1.9437703
-1.2698238
-1.4454257
-0.50382268
-2.3427504
0.70505505
-2.5006596
-1.3489922
-1.3688981
-1.110744
0.8156092
-1.6375029
-1.6618358
-0.73774761
0.44902111
-1.1904103
1.2633934
1.6181388
-1.9925306
-1.4063664
1.0644832
-0.74572259
-2.294803
-1.3963379
1.6300711
-0.8421536
-1.497754
1.2105424
-1.5819602
-1.836365
1.7769682
-1.9482888
-1.2543645
-1.433416
-2.1007521
-2.0601942
-1.9019534
-3.0534105
-1.9454059
0.98858066
0.95434306
-0.95746155
-1.9006829
-1.63174
0.017564383
-0.88341947
-0.61299539
-2.0777572
-1.298418
-0.57067938
-2.1158464
-0.25167052
-0.92939408
-1.6065994
-2.1803229
-0.79412803
1.1309381
1.4791119
-1.3988012
0.83043906
-1.5318125
0.27248214
-0.70024718
-0.26454971
-1.8756466
-1.4603369
-0.67057673
-2.0325007
-2.1668505
-1.0800312
1.0206129
-2.3857677
0.42876612
-1.7256991
-1.3998114
-1.3506264
-1.0747166
-2.4798688
-2.0794073
-2.1198498
-2.2545972
-1.9020214
-2.4403462
-1.8181012
-2.2584327
-2.1886127
-2.085374
-2.1022576
-2.097899
-2.5106287
-2.162787
-1.7584247
-1.5781696
-1.5781696
-1.695981
-2.0688743
-2.1198977
-1.7163366
-1.7575033
-2.0179513
-1.7198178
-1.5855425
-1.7155339
-2.0282036
-2.0727309
-1.1811606
-1.7301785
-2.1205362
-1.9558206
-1.9558206
-1.9744179
-1.6918909
-1.2533918
-1.5116358
-1.9169532
-1.7708349
-0.84190346
-1.2460828
-1.4264383
0.52435874
-2.1896231
-1.8402224
0.059356281
0.40241505
-2.0211422
1.5958888
-1.4557179
-0.49657955
1.2749414
-0.77091626
1.1827213
1.3780764
-1.7174872
-0.077660603
-0.1548056
-2.1636743
-2.3740523
-0.90449097
-2.0808606
-1.3606322
0.11057365
-2.0424846
-0.44520047
-0.86833827
-0.58946421
-1.8769383
-1.7458553
-0.92704262
-1.6599094
-1.4279026
-1.9652909
1.5518268
-1.8525113
-2.3222005
-1.8707808
1.807332
-1.6997312
-1.2268272
-0.8422768
0.42631846
1.0538837
-1.0333806
-1.7369708
-1.3740875
-0.042157208
-1.2373815
-0.07665014
-0.56880144
-1.4886038
0.55722077
-2.3701364
0.68103335
1.1438548
-1.6537839
-2.074192
-0.58857728
-1.7508092
-1.634182
-1.4021741
-0.59773992
2.0866245
-1.5870421
-2.2174075
-0.10950012
0.30945327
-2.1425339
-0.69594052
1.504212
0.063149349
-0.65545719
-0.87822918
-1.1835017
-1.1588911
-1.5818048
-0.91369456
-0.68726654
-0.91451172
-0.66589699
0.49044049
-1.6876488
