-3.4024518
-1.7356309
-1.7356309
-2.4887568
-2.4887568
-1.8985255
-1.8985255
-1.6367446
-1.6367446
-3.1808681
-2.8263727
-2.8188209
-2.0511545
-2.0706651
-1.819787
-1.819787
-1.9930909
-2.2529663
-2.2529663
-2.0544491
-2.0544491
-1.8431644
-1.8431644
-1.4998403
-1.4998403
-1.7681857
-1.7681857
-2.8876919
-1.9705819
-2.1263793
-2.2364499
-2.2364499
-1.9473086
-1.9473086
-2.7352703
-2.7352703
-2.9279893
-2.5026934
-1.360343
-1.3176481
-2.4029046
-2.4476112
0.98355436
2.3520868
-2.8187819
-1.5306901
-2.226479
-2.166006
-2.6422284
-2.5337491
-1.5306901
-2.4560151
-2.2239192
-3.0504009
-1.7070638
-2.1464954
-2.1464954
-2.1164994
-2.9530713
-1.7070638
-2.7029118
-3.0131367
-2.3366614
-2.3855338
-2.5050172
-2.3652977
-1.4142293
-2.5275125
-2.5050172
-1.5682132
-2.8371382
-2.7269103
-2.3978923
-3.510642
-2.0547596
-2.3164237
-2.6969343
-2.3066854
-2.3331362
-2.8183539
-2.3185067
-2.3756796
-2.8007895
-3.344505
-3.4865528
-2.7565323
-2.7583287
-2.7956285
-1.788622
1.6543881
-2.1457843
-2.3649343
-2.7162246
-3.1080326
-2.4027675
-1.6500755
-1.6500755
-2.6246925
-2.8251159
-2.2894059
-2.4231034
-2.774513
-3.4913743
-3.1693944
-1.8282406
-2.480434
-3.1444491
-2.2262413
-3.0940899
-2.2442539
-3.0348151
-2.2987464
-2.1458839
-3.3817974
-1.9408878
-1.6127707
-2.905356
-3.0434526
-2.1399979
-2.6547754
-2.6713128
-2.0889976
-2.968363
-2.4522262
1.4088608
-3.015843
-3.3838749
-2.5731732
-3.1361256
-3.1361256
-3.0222624
-3.1361256
-2.3842642
-3.041773
-2.7940236
-3.041773
-3.1814924
-3.3100987
-2.9337431
-2.2266759
-2.4037748
-3.4033855
-3.1556362
-3.1556362
-3.1556362
-2.2266759
-3.4055488
-1.763884
-3.1556362
-3.170508
-2.7170234
-3.2843712
-3.5523566
-2.8420062
-3.2843712
-3.5321205
-3.4970146
-2.1062019
-1.9560872
-3.0746601
-3.4768408
-2.4811568
1.7683775
-2.8056248
-2.538335
-1.8466012
-2.5203202
-2.5203202
-1.4342481
-2.3164634
-2.3556461
-2.2583164
-1.3101784
-1.2674836
-1.2897648
-1.389397
0.025512886
2.0450011
-2.4560151
-2.7706809
-2.9794092
-2.2403499
-2.2403499
-2.5340083
-2.5340083
-2.2189243
-2.2189243
-3.2409412
-2.3565462
-2.6152775
-2.1296124
-3.8757629
-2.991368
-2.5648842
-2.5648842
-2.1524856
-2.3400136
-2.7944203
-2.9329068
-2.1527034
-2.6765884
-2.6765884
-1.710762
-1.710762
-2.2491497
-2.4407521
-1.5261409
-2.9752673
-2.7032815
-1.4121218
-1.3349113
1.3061999
-2.7983736
-1.821984
-1.6901084
-1.3702335
-2.1368011
-2.4557187
-2.3567596
-2.0535228
-2.1991912
-1.1905128
-2.8840379
-1.9600102
-2.1476497
-2.0081744
-2.9423686
-2.0158893
-2.6845555
-2.2802472
-2.191559
-2.6190299
-2.7235766
-2.1927036
-2.5926838
-2.227063
-2.1671602
-1.8043934
-1.7770073
-3.0233515
-2.5692307
-2.7595653
-2.7790759
-2.490224
-1.4777133
-1.9162582
-2.4755257
-2.6969343
-1.5202246
-2.3113232
-2.4100329
-2.9801364
-3.331804
-2.7620747
-2.7804849
-1.9778482
-2.2682735
-2.979756
-2.5131774
-0.74558323
1.1137306
-2.4941164
-2.545899
-2.8419406
-3.0444531
-2.7316829
-3.0200902
-2.5240635
-2.5240635
-1.8308344
-3.6387997
-3.4016454
-2.6618726
-2.664446
-2.6191881
-2.7591566
-2.2426714
-2.3051131
-1.5847933
2.3225768
-1.8923026
-2.6411537
-3.2995347
-2.9246743
-2.5763756
-3.1336446
-2.4702148
-3.0061293
-2.3394923
-2.1041364
-3.3100987
-2.5532597
-2.1652949
-2.8878644
-3.2663467
-2.2266759
-2.7809451
-2.2342736
-2.6120161
-2.4161807
-2.8232746
-2.0081775
-1.6443795
-2.2044013
-3.0983126
-2.9880012
-2.7275452
-2.8622135
-2.8655532
-2.5364325
-2.4407885
-3.1326643
-1.8368878
-1.960633
1.3687036
-2.1994166
-1.5231383
-1.7860371
-1.7848828
-1.4980887
-2.0873757
-1.777331
-1.5175993
-2.2255675
-1.9337195
-1.9337195
-2.3544613
-2.3469095
-3.4107331
-1.1685291
-1.1685291
-2.7317553
-2.5797464
-3.1996173
-3.1708091
-3.2995441
-2.8163776
-2.2278148
-2.7017561
-2.4265155
-2.8398858
-2.8398858
-1.7113797
-2.0001202
-1.9416742
-3.2372936
-1.1091803
2.4125361
-3.2658641
-3.1556362
-2.7845239
-2.2956235
-3.0713323
-1.6996631
-1.9667261
-2.2566492
-2.8604366
-1.7872918
-2.5166119
-2.1916467
-1.8623951
-3.2478672
-2.9041882
2.6005151
-2.3230371
-3.5740525
-2.2439111
-2.2439111
-2.8440687
-3.2388017
-2.8100758
-2.3134767
-3.9372887
-2.3604341
-2.3604341
-2.7060129
-2.7060129
-2.7619205
-1.9657904
-1.9657904
-2.4082467
-2.3164683
-2.3993463
-1.8807599
-1.8807599
-1.7833946
-2.1928816
-3.0654327
-2.019231
-2.2606216
-3.1534975
-2.0524966
-2.0524966
-3.3399416
-3.2204808
-2.602765
-2.6656006
-2.8737175
-1.9908855
-0.38449377
2.0361082
-1.689706
-1.689706
-1.8261559
-1.8261559
-2.5687779
-2.1464954
-2.6834012
-2.6535865
-2.6535865
-2.7565234
-2.7565234
-1.5061387
-1.5061387
-1.6123865
-3.1640809
-3.1640809
-2.0672475
-2.0672475
-2.3141963
-2.3141963
-2.9964419
-2.9964419
-1.8198484
-1.8198484
-2.0965416
-2.0965416
-1.8487923
-1.8487923
-2.1460295
-2.1460295
-0.87305936
-0.87305936
-3.0632168
-2.955743
-1.0272865
-1.0272865
-2.9322702
-2.9322702
-3.1640809
-2.4482056
-2.4482056
-2.4865149
-2.182884
-1.4186492
-1.4186492
-3.0150178
-1.4419566
-1.4419566
-2.5354823
-2.5354823
-2.3975284
-2.3975284
-1.6462446
-1.6462446
-2.2403596
-2.2403596
-2.4304532
-1.3832085
-1.3832085
-2.144497
-2.1901472
-2.1901472
-1.2228749
-1.2153231
-2.1497558
-2.1497558
-1.5112142
-1.5112142
-2.3617104
-2.2894769
-2.2894769
-2.075114
-2.075114
-1.7399655
-1.7399655
-1.860751
-1.860751
-2.1677266
-2.194789
-3.214952
-2.0170637
-2.1457986
-2.1541612
-2.1541612
-1.5645319
-1.5645319
-2.8131787
-2.8131787
-1.3543063
-1.0263399
-1.2812965
-1.7122036
-1.6566879
-0.29405922
1.9972763
-2.6281425
-2.3478591
-2.9626321
-2.8699972
-2.898903
-2.1463161
-3.1114836
-2.7088854
-2.4840778
2.431656
-2.5134863
-3.5537481
-3.0049903
-2.8226939
-1.8407608
-1.958059
-2.1001731
-2.8577121
2.4909325
-2.8917051
-2.7749228
-2.1564777
-2.3414042
-2.464408
-2.0553698
-1.3851292
-2.6528813
-2.8417592
-2.5855033
-3.1967575
-1.5846257
2.0323522
-3.2792229
-2.3926055
-2.3173522
-2.0696028
-2.5441199
-1.7238789
-2.2043083
-2.3363837
-2.4651186
-2.6784733
-2.2410369
-2.4952296
-3.0752842
-3.3259402
-2.6832618
-2.6832618
-1.7383936
-1.6956987
-1.9170683
-2.98548
0.66955733
1.8470231
-2.8607917
-2.1974724
-3.4946743
-1.455683
-2.5872298
-1.6899834
-1.8033576
-1.1983225
0.43593807
-1.5614247
-2.4269907
-2.4732652
-1.134552
-2.4536093
-2.5004501
-2.1480656
-2.6774037
-1.4163922
-1.4163922
-3.3642527
-2.1182452
-2.1418161
-2.338848
-3.0345283
-3.3642527
-2.4798577
-2.785907
-1.922274
-2.4755257
-3.3071101
-2.308852
-2.3895654
-2.2461995
-3.4571653
-2.5727703
-2.7970129
-1.9713253
-1.939193
-3.1281574
-2.5607098
-2.5607098
-2.9450059
-2.8160611
-2.0887639
-3.3852981
-2.3366807
-3.3308416
-2.0674117
-2.5140489
-1.5413598
0.6096302
-0.9384087
-3.1220249
-3.0117969
-2.5721684
-2.6879657
-3.1215788
-3.0042337
-3.2112477
-2.7171806
-3.3219108
-2.1781252
1.8945033
-3.0791241
-2.774513
-2.7947491
-2.7669235
-3.180009
-2.2457958
-2.0128459
-2.8100856
-2.1970053
-2.9708729
-2.5571277
-2.1689517
-1.9738227
-2.9256419
-2.2431389
-2.184757
-2.0103685
-1.7839298
-2.6928443
-1.8090402
-1.9789265
-2.6107579
-3.7310735
-2.6934588
-2.9979647
-2.4599667
-1.9602071
-2.4290644
-3.6959676
-2.4102645
-1.3863868
-1.467565
-2.4949046
-2.0040436
1.9429993
-2.6270801
-2.665154
-1.6529981
-0.83243991
2.4136434
-2.9991871
-1.6649798
-2.6360799
-2.1476497
-2.214763
-2.1464954
-2.4613581
-2.1464954
-2.4613581
-2.297179
-2.1680762
-2.4625124
-2.3021122
-2.3021122
-3.4214809
-3.0097104
-2.9752862
-2.4844718
-2.4173587
-2.9592888
-2.1180676
-2.7639473
-2.8428409
-2.9099543
-3.4735812
-2.7752755
-3.3121662
-2.9973035
-2.9876319
-3.2815116
-3.2101072
-3.6480512
-3.037535
-2.8201201
-2.8201201
-4.2151766
-4.046273
-2.545642
-2.7015428
-3.170868
-2.5565696
-2.2936312
-2.9530505
-2.5795697
0.33144964
-2.1671602
-3.0848876
-2.5199607
-3.1243263
-2.3070446
-1.7117455
-2.7388642
-2.2531991
-3.5300825
-2.8014849
-2.5051705
-2.5051705
-3.8346729
-2.9202819
-3.2409644
-2.3565694
-2.8955187
-2.4702228
-3.0203081
-1.100161
-1.100161
-2.7458767
-1.9814589
-1.3725359
-0.79339978
0.95070274
-2.3581883
-2.5562351
-2.1479422
-2.4768053
-2.1358845
-2.0369253
-1.7937214
-1.8684186
-1.296873
-2.5752213
-3.0765185
-2.0800842
-1.8682318
-3.0547454
-1.6243444
-1.5164064
-2.1875386
-2.2471775
-1.3780057
-1.9887295
-2.723275
-2.2641184
-1.8777472
-1.7046632
-1.3427558
-1.8043934
-2.5673458
-2.3438298
-3.2658641
-2.4692741
-2.9227586
-1.9230965
-2.8414922
-2.1477859
-2.9978807
-2.0188416
-2.02656
-1.8004063
-2.6458897
0.9671396
1.8470231
-2.7690432
-3.5853895
-2.3491636
-2.0872284
-2.8813466
-2.7888181
-3.1685068
-2.052446
-1.7816915
-2.0789081
-2.2411073
-2.8972531
-0.5132987
-0.76104566
0.019982903
-1.7619607
-2.465067
-1.1905128
-2.4987768
-2.0517081
-2.0787705
-2.7479317
-2.1855165
-2.4755257
-2.8157188
-2.0600588
-2.2947409
-2.5942251
-3.4515707
-3.9267504
-3.1094687
-2.7386708
-2.0541835
-2.4524721
-1.6868355
-1.6868355
-2.2018628
-2.6389833
-1.3418118
1.8663439
-2.6107489
-2.2065946
-2.7780485
-2.4164359
-2.1786584
-3.2315739
-3.4945859
-3.1128263
-1.1166469
-2.4613581
-3.9144444
-1.9480501
-1.9480501
-2.1996135
-2.8640139
-2.7809451
-2.4820229
-3.0097684
-3.0097684
-2.293903
-2.293903
-2.4082467
-2.1028689
-3.0177745
-1.9624778
-2.4077662
-2.4077662
-2.0725359
-2.7455406
-2.5520393
-3.5207542
-3.2613702
-3.2613702
-3.1716553
-3.1716553
-3.2502237
-3.4179983
-2.5398998
-2.7266093
-2.3212108
-2.6355368
-2.1321702
1.9972763
-2.9493423
-2.9338798
-1.702772
-1.702772
-1.9110664
-2.8844561
-2.435288
-1.2732203
-1.2732203
-1.8081898
-1.9639872
-2.1174491
-2.1174491
-1.7387507
-2.7466431
-2.4237776
-3.3417156
-3.1478472
-1.5413267
-0.13278236
0.19009197
-0.20218012
-1.6403638
-1.6341404
-1.6874775
-1.4158684
-0.98245966
-1.1820877
-1.4470153
-1.4470975
-1.5115828
-1.2672717
-1.893882
-2.7442312
-1.9888991
-2.111739
-2.1162561
-1.5039348
-1.2579504
-1.4730248
-2.5722085
-1.3972908
-2.072989
-1.7083485
-1.5414295
0.3875372
-2.614485
-2.4138552
-2.3129815
-1.5188977
-1.4114567
-2.9177494
-3.2304554
-3.2304554
-2.7744451
-2.7744451
-2.4482652
-3.0561092
-3.459848
-2.1303907
-2.1303907
-3.2316113
-3.459848
-1.4429022
-1.4429022
-3.1793788
-2.8098149
-3.2700421
-3.9976711
-3.274085
-3.274085
-2.93441
-2.6388877
-2.3072865
-2.5423175
-3.2874596
-1.7663405
-1.7663405
1.744876
0.73099657
-0.46526042
-1.3188707
-1.7491834
-0.8316584
-2.6841924
-1.9976463
-1.9976463
-2.3546121
-2.5208391
-2.5208391
-1.5939894
-1.5939894
-2.0105633
-2.0105633
-2.4482056
-2.4482056
-2.2872185
-2.2872185
-3.0257443
-2.9155164
-0.96115214
-0.97311092
-1.2839683
-2.2142579
-2.2142579
-3.5388034
-2.8564621
-2.1123781
-2.8120506
-3.4831829
-3.0413383
-2.9123532
-2.6362314
-3.074594
-2.9327421
-3.5200072
-1.6633403
-2.2692997
-2.7326695
-3.3685149
-1.3159568
2.1774632
-2.4792662
-3.1147576
-2.1164994
-3.2171036
-2.3027126
-2.4792662
-3.3636612
-2.4201294
-3.4268872
-2.428629
-2.9355555
-2.078671
-2.4781119
-3.3625069
-2.4781119
-3.0308904
-2.1164994
-2.7108816
-2.7108816
-2.3457871
-2.2636386
-2.0158893
-2.9732445
-1.8870078
-2.7876317
-2.7766976
-2.2239192
-3.0308904
-2.4560151
-2.7886564
-1.8742654
-3.7139814
-2.7995904
-1.7675194
-1.7675194
-3.3744657
-2.4900707
-2.0517081
-2.0517081
-2.1284582
-3.4662321
-2.4679739
-3.0817407
-1.7006148
-3.0428491
-2.6458681
-3.1986465
-2.3142515
-2.6263575
-3.5302631
-2.6458681
-3.8697788
-2.9553878
-2.9481039
-1.9663793
-3.4911632
-2.2797005
-2.4281298
-1.4379042
1.0492221
-2.2620374
-1.1105115
-2.0632045
-1.969687
-1.0543704
-1.9800988
-1.201972
-0.92172809
-1.190382
0.021123379
-1.4722711
-1.6805621
-1.2819038
-1.8480497
-1.6720679
-1.6720679
-1.6720679
-1.2392089
-2.4662928
-0.66695515
-2.3090254
-1.050694
-1.4536415
-1.4536415
-1.6699059
-1.6699059
-3.3853337
-2.5784494
-2.8702967
-2.584552
-3.8768993
-2.6915068
-2.6915068
-2.5431358
-3.183921
-1.8082168
-1.5180023
-2.0043091
0.811232
1.6911155
-1.6321858
-0.30585365
1.4263843
-1.9140128
-2.4288381
-0.89143144
-1.5161346
-2.0738672
-2.3932984
-2.0388402
-2.1591228
-2.0685724
-3.4419321
-2.1995966
-1.7781195
-2.3819273
-1.6681686
-2.5547721
-3.3018318
-3.163144
-2.1187227
2.1952002
-3.0933678
-2.0697792
-2.9792696
-3.4467215
-2.8566488
-2.0197472
-2.1875386
-2.6969143
-3.6308158
-2.7464209
-2.3652977
-2.5197603
-3.1194851
-2.5990775
-2.5990775
-2.4302905
-2.3550715
-2.9093479
-1.9175331
-3.2962876
-1.9557608
-1.8584312
-2.5612462
-2.5612462
-3.3512573
-0.77221182
-1.1803502
-2.1499269
-1.313984
-1.1905128
-2.5892795
-2.3312317
-2.1197329
-1.9789265
-1.4966241
-3.2823213
-1.720246
-1.805276
-1.9451323
-1.522938
-2.4995875
-2.4942425
-2.3595972
-2.8899093
-2.6203731
-1.5161346
-2.2331193
-2.7344166
-1.9451323
-2.3473441
-3.1014638
-1.8132254
-2.1076615
-3.436574
-2.6283225
-2.077559
-2.077559
-2.3267484
-2.8745742
-2.6710686
-1.7987855
-2.5876998
-3.8688979
-2.5711734
2.8944479
-3.3786344
-3.5021343
-2.7738458
-2.7738458
-3.7617194
-3.6207042
-2.9274751
-2.9274751
-2.3665708
-3.0377031
-2.2987464
-2.4274814
-3.8867296
-2.9132008
-2.2277747
-4.037837
-3.6671757
-2.4260288
-1.927876
-2.5634883
2.0630892
-2.7627792
-1.9466743
-2.4254534
-2.3115902
-3.1100563
-3.7965994
-2.3512227
-2.5530994
-3.5175428
-2.8982403
1.7779439
-3.5568833
-3.4966158
-3.1686494
-1.8089675
-1.668943
-3.0285195
-3.0308968
1.0004868
2.6788077
-2.4388432
-2.2537842
-2.7809451
-2.8490876
-2.9783085
-2.0444256
-3.2107002
-3.0091843
-2.7712686
-2.9580204
-2.3884882
-2.2774486
-2.2423427
-1.8990518
-2.2411884
-2.2470338
-2.1529716
-1.8079043
-1.7067988
-2.0906144
-2.028138
1.4811144
-2.7784468
-2.004339
-1.7235137
-3.2466102
-0.76897001
-2.697645
-2.697645
-1.6045708
-1.7415894
-2.4622695
-2.7566914
-1.8432247
-0.65403639
-2.2262413
-2.9187966
-2.480434
-3.7930975
-2.2634217
-2.2634217
-2.5240635
-3.3404102
-3.0193766
-2.8606656
-2.5084768
-2.8499672
-3.754558
-3.754558
-1.5935545
-1.2655881
-2.7837536
-1.2926755
-2.1070667
-2.9882701
-2.6831198
-3.1714967
2.0323522
-3.2314682
-3.0786222
-3.0653743
-2.5337879
-1.7023635
-2.8570164
-3.6803162
-2.7118751
-2.8436355
-2.5958861
-3.0286945
-3.0969467
-3.1503414
-2.9484862
-2.7463441
-1.9789265
-2.4564109
-3.2767419
-2.6662223
-2.0598287
-3.5343321
-2.4655219
-2.2045678
-3.0203906
-2.3038717
-2.8790836
-3.186997
-3.2492653
-2.3383176
-3.1237643
-2.0111226
-2.9552027
-2.7986446
-2.6499023
-2.2403233
-0.034780022
1.8848695
-2.4536093
-3.161203
-1.7975154
-1.7975154
-2.4679739
-2.540907
-1.9042614
-1.8043934
-2.493482
-3.5823984
-3.3744786
-3.4571653
-2.5727703
-1.6969482
-1.9331284
-1.9342827
-2.7699206
-2.9553878
-2.9707753
-1.6633403
-2.9307674
-2.4685745
-2.8241896
-1.0556428
-1.0556428
-1.1724611
-0.90615743
-1.6845388
1.3244435
-1.4391198
-2.9548836
-2.4983468
-2.1076615
-2.5965731
-1.6712481
-2.0328606
-1.9265185
-1.6213575
-1.5143414
-2.1451068
-2.2963652
-2.1779546
-2.3728964
-2.556344
-2.9244
-3.8901926
-2.1172301
-2.1550798
-4.1042958
-2.4451964
-3.0435181
-3.3962613
-3.9897642
-3.1746671
-3.9914237
-2.720052
-3.7115011
-3.3649691
-2.3287205
-0.2016196
-2.155157
-2.9747318
-3.3049266
-1.4403586
-1.4403586
-2.4704032
-1.8150489
-1.8345594
-2.0469168
-3.0524198
-2.6817586
-2.2077807
-2.6637878
-2.1946953
1.6839343
-3.0453069
-2.6335457
-3.1455577
-2.3509455
-2.7472958
-2.2278304
-2.3883843
-2.0965976
-1.5870937
0.00024216917
-2.2555484
-2.144654
-1.6357205
-2.6082424
1.0530139
-2.4593485
-2.6806794
-3.522721
-3.4169778
-3.5457128
-2.7141254
-2.7141254
-1.7593625
-2.0244821
-3.7267743
-3.8965112
-2.7082168
-2.470606
-2.8386073
-3.1007223
-1.9584031
-1.1726169
2.8429753
-2.6028233
-0.87175372
3.0203187
-3.2393842
-1.7975154
-3.0610866
-3.0780374
-2.3716914
-2.7703898
-3.071521
-2.6021286
-3.0014946
-1.6011955
-1.9730398
-1.2306961
-1.2639369
1.0496874
-3.3382142
-3.393191
-2.584211
-1.8300801
-1.8300801
-2.54925
-3.1779806
-3.5160898
-1.809216
-1.809216
-1.8340647
-2.2286744
-2.2286744
-2.1715498
-3.4224942
-3.319951
-1.4660928
-1.8496564
-0.53563164
1.8165167
-1.8829952
-2.4048748
-1.6741521
-2.7567808
-3.0819532
-3.0565323
-1.5514175
-2.4586521
-2.3960256
-2.5914591
-1.5161346
-3.7790402
-2.0235026
-2.0235026
-2.8941818
-2.8929257
-2.1432842
-2.7762913
-2.3891305
-3.0602627
-2.2162291
-3.4165478
-2.442614
-2.6513746
-1.7190362
-1.7864213
-2.421781
-2.3833746
-2.5217751
-3.6250672
-3.1095232
-3.3921938
-2.2929
-2.668441
-1.8495123
-1.2617193
1.8923179
-2.2025575
-2.4371073
-2.4678505
-2.026887
-2.2010516
-2.1624406
-2.0455212
-1.3462187
-1.4300765
0.86462983
-2.8424812
-2.3603891
-3.8285617
-2.5433729
-2.5433729
-3.3945991
-3.5321205
-3.4391089
-3.3584699
-3.2898646
-2.1803006
-3.2177402
-2.1376058
-2.6345343
-2.4070593
-1.729802
1.6465713
-2.2077596
-2.4713605
-2.0428316
-2.0122474
-2.5085387
-2.7325846
-3.0687959
-3.4667046
-0.94710541
1.4088608
-3.4315915
-2.0335147
-2.4920032
-2.2191241
-3.1142562
-1.731058
-2.4900707
-2.8120506
-3.0377031
-3.2890877
-2.1123781
-3.4890556
-2.5946821
-3.3093752
-3.0476999
-2.5934887
-3.7003999
-2.6681506
-1.7862596
1.4878638
-2.3851241
-2.5252962
-2.9203883
-4.8086441
-2.2333149
-2.1359853
-3.2252102
-3.2252102
-2.6214149
-3.0085384
-0.37738567
-0.95767994
-2.7806542
-2.5157233
-0.36118586
-2.8861779
-2.7274669
-1.4087937
-1.6611339
-3.261061
-2.3561287
-2.3561287
-3.5145123
-3.4171827
-2.8782213
-2.8782213
-2.8849784
-2.9273078
-1.4103368
-1.9284317
-2.3299103
-1.6599516
0.8798166
-1.8795357
-3.3606475
-2.837309
-3.1348913
-2.6644254
-2.0098405
-2.7642301
-2.3879458
-2.443204
-1.7844787
1.9345584
-2.0321976
-3.4865511
-3.1247416
-3.4160698
-1.6222712
-1.4359028
-3.1444491
-1.9118132
-2.2331193
-3.2406702
-3.0386604
-1.7306108
-2.4534826
-2.2565944
-3.3207224
-1.9989218
-3.4284751
-3.5880778
-2.8965235
-2.5129944
-2.589473
-2.3356144
-2.5812495
-1.7569846
-2.0369204
1.5232348
-2.9339249
-2.0823401
-3.0450209
-3.1228399
-4.034023
-1.8164897
-2.9032175
-2.8919557
-2.7595256
-2.7619029
-2.4685259
1.6381251
-3.0233515
-1.7381626
-2.7462544
-1.8369016
-3.0028889
-3.2066192
-2.3064969
-2.0067539
-3.3587234
-3.0689153
-1.9838245
-1.5426504
-1.5700562
-2.3540606
-1.3159728
-3.1811178
-2.1746646
-1.7326241
-3.7841224
-2.7998857
-0.062782706
-0.81074032
-2.4820229
-2.5673458
-3.7871646
-3.9080065
-4.0367415
-2.527015
-2.527015
-2.7108451
-2.5774713
-2.3499063
-2.2525767
-2.6070721
-2.0853787
-3.7694483
-2.1595824
-2.1595824
-0.56046286
-0.85090469
0.29799129
-3.6394113
-3.1789363
-2.148118
-2.071041
-1.2858389
-2.56359
-2.6682599
-3.4737181
-2.7972428
-1.8296063
-1.5016399
-2.4668697
-2.4711364
-1.8581584
-1.2991185
-2.8664064
-1.788208
-0.39949111
1.7111452
-2.6034694
-2.9562754
-3.2853701
-2.6024851
-2.1786324
-1.860177
-2.9189726
-3.7483837
-2.8618186
-3.557696
-1.7652173
-2.4846657
-2.3153264
-1.3652898
2.4750455
-2.1008064
-2.534847
-2.0489725
-2.3257647
-2.0231136
-2.1676177
-2.0608717
-2.3935337
-2.0397494
-2.0397494
-2.4560151
-2.2592772
-2.1336324
-2.3937788
-1.9311641
-2.5295323
-1.688656
-1.6781368
-2.3713659
-1.9014284
-2.3970417
-1.8035692
-2.6834012
-1.796452
-1.6303473
-1.6498579
-2.4132147
-2.0291068
-2.0388451
-2.4278492
-2.6087127
-2.6957878
-3.0884773
-2.5244982
-2.4775004
-2.9055134
-2.9055134
-2.5333011
-3.0173913
-2.4466191
-2.4039242
-1.9980374
-2.7340173
-2.4384238
2.7630325
-3.7173973
-3.4623338
-2.810054
-2.6796111
-1.814217
-1.814217
-1.6668797
-2.1456672
-1.9460844
-0.47228503
-0.72402401
-0.8104115
-1.7787401
-0.96918202
-2.3780383
-2.3780383
-2.3713321
-2.4371751
-2.245296
-2.3070379
-2.6815848
-2.4338354
-2.7371244
-3.1866201
-2.1976829
-2.7702901
-2.5079096
-2.9695473
-3.0386848
-3.0386848
-3.1035606
-2.9782621
-3.6220083
-2.588098
-3.4763731
-2.6223071
-2.5562323
-2.67505
-3.8018519
2.1963988
-2.4589268
-2.7294198
-2.2221167
-3.2908317
-1.8531185
-2.4375784
-2.358365
-2.2284838
-0.7572909
1.0914819
-3.1413099
-2.6921417
-2.2941076
-2.5204033
-1.9576586
-2.7848394
-2.3567596
-2.7246551
-2.0557089
-1.3012233
-2.442614
-2.7809451
-2.4820229
-2.1286658
-2.947849
-3.1032703
-2.0312408
-2.6107579
-2.5098734
-3.0341408
-2.320305
-2.1062019
-2.3539512
-2.0326858
-2.9027838
-2.122508
-2.6590784
-1.36549
1.7478644
-2.027685
-1.6429064
-2.5905913
-2.3887361
-2.992755
-1.3765501
-1.9118132
-1.9118132
-2.2947409
-1.9331284
-2.1275115
-2.4809542
-2.4503577
-2.0887452
-2.4183461
-2.2429468
-2.9171288
-2.9063594
-1.3519526
-1.5553241
-1.675649
-1.8618622
-0.97687287
-1.1379839
1.3882085
-2.1675001
-1.4541862
-3.1664381
-3.6197354
-3.3490595
-3.4973051
-1.66653
-1.66653
-3.2652471
-2.4520175
-2.1240511
-1.3089292
-1.0922092
-1.4639767
-2.2740489
-1.9032143
-1.822103
-0.94785164
-1.559373
1.3602234
-2.5752213
-2.8823352
-2.7538827
-3.1080326
-2.2018705
-2.3210285
-1.8923026
-2.9068378
-3.9081647
-1.763884
-2.5752213
-3.2463536
-1.959416
-2.5882885
-2.5947319
-2.166006
-2.2331193
-2.5947319
-3.1740978
-3.0647655
-3.0559887
-2.7029118
-2.9487613
-2.7513
-3.1062734
-3.7113313
-3.3144861
-3.3084595
-2.3012557
-2.1966999
-3.1819085
-2.3699198
-2.2401435
-2.6675434
-1.8115729
1.5225582
-2.5812707
-3.4656656
-2.4705601
-3.0233386
-1.777331
-3.1492442
-2.1096213
-2.1096213
-3.3549551
-2.4705601
-3.3549551
-2.4705601
-3.3549551
-2.4976225
-3.3820175
-2.4976225
-3.3820175
-2.4976225
-1.8043934
-1.8043934
-2.1464954
-2.166006
-2.166006
-1.8043934
-2.166006
-2.166006
-2.4976225
-3.0699115
-2.0881869
-2.4755257
-2.2969892
-1.298731
-2.166006
-2.3389115
-3.2372538
-2.5494443
-2.1818281
-2.1360299
-2.1360299
-2.1338445
-2.2574496
-2.3445294
-2.0101981
-3.0005517
-2.397273
-2.3725493
-2.2127787
-1.8358118
-0.82704745
-1.0019614
1.9080417
-3.5489315
-2.5064501
-2.6306605
-2.110718
-1.9010922
-1.744163
-2.4789791
-2.5736452
-3.0841719
-2.4251803
-2.4757598
-1.7131344
-1.2895032
-0.60053965
1.0258619
-2.3638118
-2.3638118
-2.2236284
-2.2073603
-2.2073603
-2.9392104
-2.9941271
-2.6125921
-2.6125921
-3.0441397
-3.0441397
-2.0654705
-2.0654705
-3.2855832
-3.2855832
-2.743353
-3.2087693
-3.2087693
-1.9830106
-1.9830106
-3.0762077
-2.6895369
-2.6895369
-2.6996848
-2.8535492
-2.8535492
-3.3856072
-3.3856072
-2.796239
-2.796239
-2.1679198
-2.1679198
-2.9224629
-2.9224629
-3.2214748
-3.2214748
-2.6362124
-2.6362124
-2.539252
-1.806284
-1.806284
-2.4576567
-1.6624993
-1.6624993
-2.9792404
-3.603325
-2.7872288
-2.6019222
-1.9995404
-1.9995404
-3.1714512
-2.8951531
-2.8951531
-3.0958083
-3.0958083
-2.796239
-2.796239
-2.9146637
-2.9071119
-2.6522454
-2.7122172
-3.0161615
-2.5912938
-2.0919342
-2.9925799
-2.8081978
-2.8081978
-3.2387284
-3.2387284
-2.1086085
-2.1086085
-1.8467115
-1.4018368
-1.4018368
-3.6264123
-4.1478622
-2.2515847
-2.2515847
-2.8570901
-2.4605747
-2.4605747
-1.1434218
-0.8154554
-3.2637088
-3.2637088
-2.324034
-2.3414026
-2.717944
1.2592494
2.9375703
-2.4475001
-2.1195338
-1.539589
-2.6814328
-2.6814328
-3.4021935
-3.2583665
-2.0329316
-3.1929313
-2.5634856
-0.95545539
-1.5862063
-1.2063432
-1.9083132
-2.636724
-1.868523
-1.3023776
-1.9335784
-2.4750883
-1.8228056
-2.5098954
-2.2219308
1.6391563
-3.1247416
-1.4359028
-1.4359028
-1.8354034
-1.7770073
-2.1434046
-1.736569
-1.0392452
-1.0392452
-1.4359028
-1.5646378
-3.1662411
-2.9853838
-1.6438298
-3.179588
-2.6100557
-2.7893048
-2.7893048
-2.1968352
-2.1968352
-2.449755
-1.5833053
-1.5856826
1.2592494
2.9375703
-2.5926838
-2.3652977
-3.1933054
-3.0256829
-2.032724
-1.9549049
-2.8709481
-3.1909653
-2.8726853
-1.7447106
-1.7447106
-2.7301297
-2.2303244
-2.2698563
-2.0306377
-2.443494
-2.5581176
-0.23715447
-0.60916884
1.8742546
-2.5013571
-2.6829611
-3.1815642
-2.1048469
-3.6968008
-1.9382197
-2.0669546
-2.2092327
-2.8695237
-3.1166555
-1.9694429
-1.8743566
-2.2017916
-2.2017916
-2.2611911
-1.580294
-1.0588411
-2.4054429
-2.5648364
-2.5060661
-0.39986707
2.6324817
-3.3909487
-2.8145892
-2.2868445
-2.8537908
-1.8121048
-1.7781195
-2.7409489
-1.7976129
-3.173717
-2.3609081
-2.3632853
-0.85958066
0.63232018
-3.3503143
-2.0729537
-1.9857356
-2.3808436
-3.1520009
-2.1310201
-1.6079416
-3.2725293
-2.130183
-2.1376945
-2.4144308
-1.9292453
-2.9132963
-3.1975045
-2.4827596
-2.4390091
-2.7481235
-1.7155053
-4.0711582
-2.2219637
2.0323522
-2.9493423
-2.1398261
-2.884741
-2.071151
-3.1234241
-3.2050316
-2.6625898
-2.5313412
-1.4890723
-3.5779701
-2.6797258
-2.2456271
-2.4174554
-2.7054424
-2.9989198
-2.8676712
-2.1853298
-2.5817276
-2.5622171
-2.4825166
-3.4474236
-2.1875386
-2.4987768
-3.0386604
-2.9237622
-3.4000173
-3.5287523
-2.0204261
-2.4834898
-3.3646031
-1.8152485
-3.4907482
-2.8409989
-2.9579938
-1.8399687
-2.3382573
-2.9549022
-0.81887576
1.4691176
-2.6495754
-3.4741161
-2.7028149
-3.6126423
-2.8495621
-2.5944986
-2.0081585
-2.0680516
-3.736949
-2.0064899
-2.8902814
-2.8124104
-3.2729494
-3.2762027
-3.2109314
-3.2260115
-3.2260115
-3.2260115
-3.1644754
-3.0536619
-2.8452759
-2.9921679
-2.6501732
-2.789424
-2.496047
1.3650401
-3.4563581
-1.8646287
-1.7975154
-3.4797009
-3.0585268
-2.9071119
-2.5566013
-2.0279529
-3.5135402
-2.286188
-2.9139402
-2.1100788
-3.040922
-1.8048431
-3.1575463
-2.5911871
0.59093891
2.1109918
-2.2194974
-2.5704042
-1.2378821
0.18626785
-0.92925961
-2.1133547
1.4427519
-0.91207342
-1.9776074
-1.9918376
-1.0111934
-2.1190592
-3.6689781
-2.2789196
-3.9067998
-1.6209512
-2.8121099
-2.0185782
-2.4944933
-2.104352
-3.6484248
-1.8651893
-1.9889345
1.6403106
-2.6337287
-2.2379214
-2.1596084
-2.1296124
-2.1296124
-2.3663739
-1.7968416
-3.0375062
-1.5426488
-2.13601
-2.0517081
-2.0517081
-2.4900707
-1.6900956
-1.717158
-2.7250528
-2.6458681
-3.2825137
-2.2842555
-3.1933035
-2.9853838
-2.0105522
-2.2679785
-1.8202035
-2.7329017
-1.5696609
-2.6767086
-2.0228028
-1.4566953
-1.3680743
1.2688393
-3.2265268
-2.3262843
-0.51596686
-2.538405
-2.5526436
-2.6424134
-2.0410243
-2.04391
-1.4461858
-3.0258955
-1.9007087
0.34960537
-3.1774906
-2.3733994
-1.0845146
-1.9627408
-1.6011282
-3.1385201
-3.1309683
-2.1996265
-2.0095962
-2.0095962
-2.3382353
-2.3779431
-1.8742654
-3.0428491
-2.7995904
-2.691547
-2.2358779
-2.3612279
-2.3612279
-1.9224981
-3.161203
-1.8245778
-2.5171331
-3.0699115
-2.1555205
-2.7699206
-1.952639
-2.8136595
-1.7755717
-2.4589268
-2.9071624
-1.8954418
-3.0756334
-2.747667
-2.2063055
-1.3378599
-2.6667671
-2.6089525
-2.8571191
-1.0654856
1.4147518
-2.764345
-2.8185374
-2.0256247
-2.5557469
-2.3781882
-1.4405528
-2.4193311
2.3499595
-1.9011075
-2.6810803
-2.4021818
-3.2627699
-2.2732333
-2.3821661
-2.898724
-3.3341411
-2.5885125
-3.5795607
-3.184901
-3.2356167
-1.4507984
-2.9665218
-2.65145
-2.4937377
-2.038726
-2.3286462
-2.8633363
1.3650401
-2.6291091
-1.6967707
-2.5953148
-2.1928816
-2.9384127
-3.3643062
-2.5572936
-2.4569015
-2.3429307
-2.6931739
-2.744072
-2.5690297
-2.9175386
-1.7292418
-2.7718306
-1.7548757
-1.3457695
-2.0994875
2.0429065
-2.0062232
-2.431718
-1.5648968
-2.4560151
-2.3457871
-2.8834436
-2.6774037
-3.1630688
-2.7073997
-2.8318662
-2.2627806
-2.2627806
-2.7728199
-1.9652766
-2.5545057
-2.0988367
-3.3041893
-2.950914
-2.3995227
-1.5487027
-2.3217886
-2.7728199
-1.9652766
-2.7728199
-1.9555383
-2.3457871
-1.9555383
-2.9047898
-2.4280595
-2.4280595
-2.3171508
-2.7073997
-2.6976398
-2.9411757
-2.4855066
-2.7073997
-2.2871548
-2.7980438
-2.790492
-1.6943574
-1.6943574
-1.6187623
-2.2968932
-2.1825953
-2.1825953
-2.7652681
-2.309599
-2.4189777
-2.5414324
-2.8798563
-2.5656214
-2.8696145
-2.5843921
-2.2314893
-2.2314893
-1.785532
-1.785532
-3.0428491
-2.1584542
-2.9933555
-3.001377
-2.7701604
-2.6780163
-2.8215794
-2.0042978
-1.9847872
-2.3066654
-3.6308158
-2.5821984
-2.8957083
-2.6877885
-3.1872618
-2.2859911
-2.4162137
-2.4940327
-2.7618047
-2.3061356
-2.6839916
-2.4457122
-2.1309605
-2.243612
-2.1924481
-2.2939506
-2.5491794
-1.5894459
1.9192061
-2.8965204
-2.0639262
-0.97014058
-2.9361103
-2.688361
-3.24563
-2.2213025
-2.2213025
-2.2161771
-3.2878538
-3.9312924
1.1212724
2.7995933
-2.8026428
-2.364739
-2.364739
-2.4912768
-1.906817
-1.7487302
-2.2280367
-2.1722513
-2.4901548
-0.15793539
2.0997519
-2.7936484
-3.0478412
-3.0478412
-3.0402894
-3.0597999
-3.0597999
-3.0597999
-2.7899538
-3.2588948
-2.6826164
-3.1548612
-3.1480844
-2.9379176
-2.2668406
-3.2631129
-3.7095971
-3.0830756
-2.4887847
-3.1354021
-2.6785493
-3.2872375
-2.4946412
-3.2488196
-2.5960035
-2.0812328
2.1774632
-2.8876527
-2.8911964
-2.1720563
-2.1196893
-2.5558145
-1.967182
2.0805919
-1.9804203
-2.2446885
-3.1107206
-2.9486148
-2.1146609
-3.0362815
-2.1256741
-3.0329866
-2.7867873
-2.9227586
-2.3860358
-2.5169915
-2.4732743
-3.0219414
-1.7401585
2.1803338
-1.9240318
-1.3146187
-2.8871148
-0.27230938
1.9853779
-2.5565589
-2.7774649
-2.735969
-2.2802999
-2.6484669
-1.7848083
-1.7810074
-2.2863382
-2.1487917
-3.017943
-2.0358618
-1.5049428
-1.896386
1.6025813
-2.2526506
-2.4451681
-2.0851476
-1.6808313
-2.5617192
-2.1316464
-1.9765964
-2.316565
-2.6792334
-2.8342261
-2.231585
-1.6528476
-2.8221009
-2.2162281
-3.2221472
-3.1917631
-1.5458087
-2.8613202
-2.039803
-1.118006
1.1125763
-2.5169665
-2.7844987
-2.7065967
-2.9531918
-2.7809451
-2.7503487
-2.7194728
-2.9591414
-3.3136022
-2.2518057
-2.1739866
-2.5104694
-2.8125052
-2.8125052
-2.9361103
-2.9361103
-2.9361103
-2.9361103
-2.9339249
-2.9700141
-3.0686431
-3.3658285
-1.787764
-1.5237646
-2.0884811
2.3697332
2.7292382
-2.2294501
-2.2294501
-2.9680046
-2.1813603
-2.2008708
-2.1613446
-1.8769569
-1.710661
-1.5848667
-2.18499
-1.9309331
-2.5510693
-1.1422022
-2.7940236
-1.9466846
-2.860797
-1.7481958
-1.7481958
-1.4820851
-1.4820851
-1.2285919
-2.628335
-2.5310054
-2.0067593
-3.0777176
-1.5017009
-1.4835807
-2.9271244
-2.6101124
-2.7785
-1.9560574
-1.8347188
-3.1787515
-2.7795193
-2.3453377
-0.027238054
-1.2483607
-1.675406
-2.3259084
-1.1905128
-2.5210976
-2.3623866
-2.2516761
-2.380411
-3.3448292
-3.3448292
-2.3182103
-2.0041368
-2.1620481
-2.641785
-2.3138187
-1.6726507
-2.3568066
-2.4202492
-1.9511566
2.0718637
-2.2843665
-2.4751766
-2.9664395
-2.9664395
-3.4571024
-2.4941164
-2.4941164
-1.7214946
-1.7214946
-3.1779533
-3.1779533
-2.8291462
-2.8215491
-2.6557858
-3.2034731
-3.2034731
-2.0730236
-2.0730236
-2.3642923
-2.9856849
-2.926558
-2.9190062
-2.5260773
-3.0307944
-2.3329879
-2.3329879
-3.5424401
-3.5424401
-2.0348105
-2.7405754
-2.7405754
-2.4725251
-2.5447786
-2.5447786
-1.6931836
-2.995558
-2.3241693
-3.5192928
-2.5892021
-2.8858953
-3.4325668
-2.9256419
-2.6571288
-1.4974136
-2.4390164
-2.4390164
-2.856126
-3.2039577
-2.6599044
-2.8681674
-3.1726763
-2.432357
-2.432357
-3.0635497
-3.0925754
-1.386363
-2.4935299
-2.4063119
-2.1522504
-2.7341762
-2.4290554
-3.2136999
-2.7140682
-3.1054868
-2.0689807
-2.0689807
-1.4294548
-2.6014686
-3.9783614
-3.4569672
2.3572952
-2.384376
-2.2092665
-2.1864943
-1.9956017
-0.92146436
-2.0349659
-2.7112685
0.015715187
2.2734025
-3.0286945
-2.998098
-3.2240119
-2.5670472
-2.3690641
-1.9738884
-1.9919551
-3.2261065
-3.3497632
-2.0618982
-2.5344074
-2.5467495
-3.4118757
-3.0422295
-3.4440166
-2.4840124
-1.3727725
1.4087432
-3.8402165
-3.8402165
-3.1975356
-3.1975356
-2.8150742
-1.9997205
-2.0074882
-2.0074882
-3.934136
-1.6376274
-1.6376274
-1.7443734
-2.2872342
-2.173371
-1.5717266
-1.5641748
-1.4302072
-2.9074208
-2.2170392
-2.2365498
-2.2330463
-2.2330463
-2.8370747
-2.6597514
-2.6939421
-2.2457051
-2.2457051
-2.7713094
-2.7713094
-2.7173924
-2.7173924
-1.8837848
-2.4957582
-2.2628806
-2.4194379
-2.4194379
-2.9771536
-2.9636894
-2.9636894
-3.2871321
-3.2871321
-1.7389043
-1.6962095
-3.2313883
-3.3821844
0.68933914
1.5692227
-2.2630778
-2.9513536
-2.7686719
-2.5962877
1.5310431
-2.548529
-1.4228604
-1.0060771
-1.3019274
-1.3652108
-3.0009369
-3.3815548
-2.7916689
-3.2936039
-3.4671077
-4.2219558
-2.740109
-2.3508485
-2.2188034
-1.6298262
-2.5646861
-2.3877473
-2.6273893
-2.6273893
-2.9959296
-3.5091651
-2.2794619
-2.6567457
1.5259366
-2.4961402
-2.2474932
-1.6941644
-1.8318481
-2.1733645
-1.7960938
1.744256
-3.0542968
-2.9087995
-1.7072054
2.0808262
-2.6243088
-1.9595262
-2.8339266
-2.6548464
-2.6548464
-2.9942568
-3.0213192
-2.2239765
-2.7145747
-3.0402659
-2.5291788
-3.2345867
-2.5953841
-2.5931987
-0.84020924
-1.0059968
-1.452753
0.94920901
2.1716797
-3.8914966
-3.3520601
-2.7383272
-2.3096013
-1.2850639
-1.5399513
-1.6847586
-2.6851019
-0.39986707
2.0600889
-1.6477745
-1.6477745
-2.3142515
-2.6289173
-2.6291142
-1.23569
-1.23569
-1.9627292
-2.0725557
-3.066211
-2.6600313
-3.2904495
-2.245756
-2.3288294
-2.5660776
0.045973453
1.2234393
-2.598788
-1.9777761
1.993835
-2.4086589
-3.6057302
-2.8125382
-2.2253306
-2.8956067
-2.6481103
-2.889254
-2.6956144
-2.511173
-0.10186722
1.6381251
-2.4391672
-2.4415445
1.19215
2.8704709
-3.1169806
-2.9441261
-1.0643938
-2.7488999
-2.6073686
-2.1964998
-3.2603299
-1.5286037
1.744256
-3.6461179
-3.2759362
-3.2396455
-3.3515821
-3.7676528
-2.1080052
-1.286021
-2.2552501
-2.291531
-2.9750396
2.6053065
-1.791382
-1.7486871
-2.208163
-2.2394191
0.74754813
1.6274317
-3.0708283
-2.1678446
-2.0864795
-2.6047748
-2.9926079
-3.0485334
2.1968219
-3.0286945
-2.998098
-2.7115906
-2.054626
-1.9486449
-2.0677184
-2.8041677
-3.2565048
-3.2033378
-1.6690954
-2.8575509
-1.5725078
-2.8100607
-2.8421854
-2.354816
-2.1978795
-3.2973563
-2.1475495
1.9510782
-2.5933107
-2.9249272
-2.6872776
-1.8721805
-2.7357352
-2.9042516
-1.696752
-2.2271508
-2.397672
-3.2475078
-2.6402866
-1.9969391
-2.5269075
-3.1556362
-3.1316377
-3.1556362
-2.7940236
-2.628469
-2.9819856
-2.3405391
-2.9042516
-1.9969391
-2.2692172
-2.8818899
-2.9874055
-2.31394
-2.6960108
-2.3219097
-2.4508926
-1.9414702
-3.3219367
-1.6995136
-2.7947222
-1.8159595
-2.4095904
-2.4297437
-2.5938994
2.0311891
-3.1247416
-2.9142108
-3.1361256
-3.2533792
-1.7852177
-2.3544608
-1.9710961
-2.0902446
-1.6612159
-2.5732042
-1.6043542
-1.6043542
-2.6422284
-2.3351474
-2.6343708
-2.6343708
-2.4564977
-2.5600366
-2.5600366
-2.123894
-2.8653657
-2.93483
-2.2310713
-2.6586358
-2.5842969
-1.6619787
-2.7100947
-2.6127651
-1.9452608
0.93101979
-2.6906651
-1.64264
-1.7693743
-2.1192139
-2.9222283
-2.7905741
-2.6798636
-2.6798636
-2.6524775
-2.2908649
-1.9210158
-2.8151162
-2.3983202
-2.2746648
-2.1634388
-1.55943
-1.5203684
-2.076179
-2.0376552
-1.3510797
-1.1614045
-2.6484002
-2.3470602
-2.4536093
-2.8948861
-3.1481897
-3.0896899
-2.9919755
-2.7281834
-3.166546
-3.0597999
-3.0896899
-2.7326444
-3.3642638
-2.8326696
-2.5223682
-2.8320158
-2.3125716
-2.9319698
-2.4020015
-2.3877473
-2.4980244
-3.8708656
-2.8889586
-2.512146
1.6683484
-2.2180789
-2.1451462
-1.7442675
-2.0905689
2.363556
-3.4441748
-3.0070512
-3.1578473
1.415157
3.0934779
-3.3598765
-2.9047898
-1.5448066
-1.5448066
-2.5731732
-2.9047898
-2.4582623
-2.4582623
-2.3268892
-1.8086552
-2.0511333
-2.7201155
-2.7201155
-2.3951383
-1.9258859
-2.123894
-2.1351857
-2.0397494
-1.9710961
-2.4224842
-2.4224842
-2.955743
-1.2750358
-1.2750358
-2.1721366
-2.7073997
-3.043114
-1.7170584
-2.8000918
-2.7704432
-2.4484633
-2.2563847
-2.3347172
-2.3155003
-2.3155003
-2.1188215
-3.9492474
-2.0934723
-2.0934723
-2.3663739
-3.082913
-2.4126096
-2.4126096
-2.9409343
-2.3410038
-1.9385306
-2.1584542
-2.2331193
-3.5977678
-1.7781195
-3.9911115
-3.4226333
-2.2157574
-2.2157574
-3.7752995
-3.0224297
-2.4257295
-3.2761769
-3.1277581
-1.1879509
-0.31354478
-0.63359036
-1.7758533
-1.9063513
-2.5774836
-1.7369392
-2.08894
-2.0535228
-2.8141303
-1.191667
-1.3331298
-1.3601922
-0.07876829
-2.6800741
-2.9088
-3.2557485
-2.2115976
-2.823172
-2.9704216
-3.2799414
-2.6922291
-2.6922291
-2.5600733
-3.3144304
-2.959822
-2.4979774
-2.4979774
-1.7064675
-1.7064675
-2.6192278
-2.6192278
-2.6197071
-2.2159637
-1.8676444
-3.0887818
-3.4091945
-3.6989679
-0.29513417
-1.5581744
1.7350274
-1.8417387
-1.8417387
-2.4415552
-2.4415552
-3.5059711
-2.9186312
-2.1004193
-2.1004193
-3.6224799
-1.6790194
-2.3176646
-2.0875727
-1.7157205
-3.4003752
-3.4003752
-2.3369518
-2.7351992
-3.4644085
-2.1852061
-3.4051905
-1.8837486
-1.8837486
-3.3866893
-2.8220754
-1.9497873
-1.9497873
-3.3210522
-3.3594199
-3.3594199
-2.5254462
-2.2137215
-2.8758077
-1.4881009
1.4088608
-3.7106417
-3.6753374
-3.6753374
-2.6509041
-2.6509041
-2.6199871
-3.5079805
-2.870894
-2.9986148
-2.9986148
-2.6083024
-3.072206
-2.2653064
-3.0992684
-1.9800176
-3.3962808
-3.3962808
-2.8328684
-2.8328684
-3.0611852
-3.3154769
-3.2181473
-2.3560936
-2.0281273
-1.5402643
-2.6232944
-3.1343595
0.14032044
1.5705688
-3.4848014
-2.9121337
-2.9121337
-2.1784297
-2.1784297
-2.721403
-2.721403
-3.1540152
-3.1540152
-2.1928629
-2.1928629
-2.9072889
-2.9072889
-3.1991021
-3.1991021
-1.6934295
-1.6934295
-2.1432136
-2.1432136
-1.6448717
-1.6448717
-1.6542881
-2.4166688
-1.7485154
-1.8993116
1.7042983
3.3826192
-2.4560151
-1.8923026
-1.8923026
-1.7848828
-2.4560151
-2.7073997
-1.8923026
-2.5731732
-2.7073997
-2.6487674
-3.1492442
-2.8913209
-2.3457871
-1.8623066
-2.0397494
-2.0397494
-3.1492442
-3.1630688
-2.7073997
-1.8623066
-2.5747784
-2.1191093
-2.2572059
-2.1164994
-2.9082717
-2.9082717
-3.0390162
-3.246936
-2.2419318
-2.7766976
-2.1464954
-2.4781119
-2.4781119
-2.4781119
-2.1191093
-2.1191093
-1.4240948
-1.7848828
-1.7848828
-2.4781119
-2.6021645
-2.1164994
-3.3625069
-2.1164994
-3.0233386
-1.777331
-2.4781119
-2.5946127
-2.1089476
-2.5946127
-2.1089476
-2.5946127
-2.1389436
-2.4781119
-3.0349464
-3.0349464
-2.2314893
-2.2314893
-1.8923026
-2.1164994
-2.5946127
-2.0321976
-2.1464954
-2.1164994
-2.5946127
-1.777331
-2.1164994
-3.0504009
-2.166006
-2.7029118
-2.5926838
-1.9750489
-1.7458459
-2.4950363
-2.4950363
-2.4702364
-3.5122386
-2.5210976
-2.6411856
-1.5629302
-1.1818071
-2.2718051
-2.2938492
-2.6220388
-2.1480623
-2.2767973
-2.9704216
-3.3020382
-2.7858566
-2.7858566
-3.4722216
-3.4962201
-2.3375231
-2.9168691
-3.2021575
-2.3870604
-2.6585963
-3.2718425
-2.6662366
0.85640885
-1.7495935
-3.1821135
-3.3947225
-2.6332203
-2.1312268
-2.6666987
-2.9544176
-1.5902044
-2.5093356
-2.8372765
-1.3255747
-2.7534908
-2.3583466
-2.1023242
-1.2911811
-1.4390655
-1.4488371
0.185886
2.7375714
-2.6797258
-2.6797258
-2.5454993
-3.0550727
-2.4861466
-2.2992153
-2.6475106
-2.8782936
-2.905356
-2.6147267
-3.040922
-1.644685
-2.8683614
-2.5098717
-2.0523158
2.431656
-1.8043934
-2.453048
-2.453048
-2.1981814
-2.0558428
-1.8646287
-2.3612279
-1.5606614
-1.79795
-2.5389461
-1.6825642
-3.1108698
-2.468812
-2.993472
-2.7484627
-2.6955429
-3.4336903
-1.8900726
-1.8412859
-1.9182802
0.21014721
-3.6692303
-3.3000659
-2.7043233
-3.286529
-2.5197603
-3.2252161
-3.0364607
-3.030703
-3.1653596
-3.6294661
-2.9960713
-2.9960713
-2.9350639
-3.4746874
-3.3927457
-3.6557072
-2.6176194
-3.091494
-3.2278665
-2.7411706
-2.8289793
-2.8289793
-3.5427823
-2.8561276
-2.6766062
-2.6766062
-2.9894265
-2.6281054
-3.2030009
1.1397899
2.8181108
-2.6667826
-3.01118
-2.9182139
-1.8315771
-2.1670897
-2.5966049
-3.2513275
-2.3596152
-1.452955
-2.2683561
-3.5237333
-0.77128034
-0.44331398
-3.0041663
-0.65340291
-2.0921349
-2.2979484
1.8945033
-2.9605191
-2.2350623
-3.3383656
-3.3383656
-3.080129
-3.080129
-2.2944877
-2.2944877
-2.0425766
-2.0425766
-3.0007868
-2.960383
-2.9176881
-1.4474313
-1.5470635
1.1077649
2.8262471
-2.5283164
-2.6897105
-2.1166954
-2.569983
-3.3896352
-2.2615447
-2.6255319
-3.7224726
-2.5461692
-1.8410706
1.5237511
-3.0639976
-3.5578481
-2.9366215
-2.2345596
-2.8982687
-2.8927044
-2.5561369
-2.9047239
-1.2309644
-2.1193417
-3.5474234
-2.2655549
-2.6832291
-3.6545756
-3.5611863
-3.0101517
-2.1022177
-2.7146454
-1.9538769
-2.487383
-2.1760136
-1.7270025
2.1594447
-2.6028699
-2.2438037
-2.4820229
-3.3752465
-2.6639723
-2.5882885
-2.4193326
-3.2670184
-2.2266759
-2.3632471
-2.4226533
-2.7892281
-3.1436971
-3.1418716
-2.0585608
-3.2843712
-2.9227586
-2.1420678
-1.9189974
-1.8194031
-2.6338086
-1.1793235
-2.4300367
-1.9774643
-2.2356745
-2.1002384
-2.9922016
-1.7070127
-2.007123
-2.5564581
-2.2143038
-2.5659266
-2.0810076
-2.5216024
-2.08596
-1.1934978
-2.4991114
-2.1715427
-1.8124339
-1.2827612
-3.3271283
-2.400649
-3.6887409
-2.4182167
-2.3555901
-3.6692303
-3.6692303
-2.1668885
-2.7958169
-3.4669492
-3.2940946
-2.9723705
-2.7904739
-2.6054149
-3.508122
-3.0925622
-3.0646329
-3.0162463
-2.593869
-2.7523972
-1.4298345
0.85313108
-0.84735833
-0.40935101
-2.5913092
-2.330015
-2.8063574
-2.4510038
-1.8835304
-0.98848216
-3.5135402
-3.6422752
-1.8687144
-1.7713848
-2.2347526
-2.6992387
-2.5734666
-4.0121256
-3.6414644
-1.6674247
-1.5229653
-2.9010813
1.6391563
-2.8823704
-2.7850408
-2.168337
-2.4395705
-2.5165026
-2.3368279
-1.2111655
-1.3795035
0.094436721
-1.4638572
-0.77205459
-2.4744727
-2.2865107
-2.7686496
-2.8354492
-3.6642339
-0.94142863
0.55911032
-3.0609542
-3.0609542
-3.0597999
-2.8120506
-2.5798465
-2.8631461
-2.8329531
-2.3265199
-2.6142424
-3.1349736
-2.9225518
-2.6107579
-2.7509691
-3.0917271
-2.9372646
-3.2677269
-3.0382815
-2.3328259
-2.4765049
-1.7983978
1.7307627
-2.8771967
-2.3030746
-2.8996174
2.431416
-2.3811384
-2.6863956
-2.2537842
-2.9042516
-2.2229063
-2.1943157
-2.1751368
-2.9562384
-3.1543046
-3.0085662
-2.1510875
-1.5975383
-3.0307722
-2.6098515
-2.3952745
-3.080661
-3.8826592
-2.4986782
1.3831919
-2.4230519
-3.1705105
-2.480434
-2.4733169
-2.5527841
-2.4856708
-2.0457452
-2.4856708
-2.491225
-1.8470472
-1.8458929
-1.8107871
-3.1804914
-1.9672207
-2.2037704
-1.784797
-0.14057854
-0.29499773
-0.66458417
-1.8443234
-1.1905128
-1.6242994
-2.8315786
-2.3359363
-2.9094883
-2.2531532
-1.8844845
-1.5241497
-2.426699
-3.1323396
-2.9819856
-1.9789265
-1.561535
-2.1935082
-2.8136595
-2.1777835
-2.5971111
-3.4533023
-2.1343235
-2.2012587
-3.2704056
-2.6160744
-2.1974333
-2.5970765
-1.6534196
-2.2307993
-2.5947891
-2.7193478
1.8023166
-1.752187
-1.752187
-1.9448607
-3.2758802
-3.2758802
-2.6844759
-2.6844759
-1.7646101
-1.985912
-1.79795
-1.9375212
-2.1790731
-2.8170161
-3.2234059
-1.5693205
-3.1520009
-2.4940327
-2.2075055
-2.0696723
-2.4400538
-2.737636
-2.1388177
-2.0313979
-2.1318733
-1.3447374
-1.9340534
-2.225587
-1.7774408
2.8819997
-2.5752213
-3.0930511
-2.4396335
-2.4591441
-2.37508
-2.9042516
-2.8135342
-3.0778172
-3.0585268
-2.6094586
-3.0778172
-2.5882885
-2.7269103
-1.9118132
-2.7940236
-1.9118132
-2.8371382
-1.9118132
-2.7269103
-2.0662757
-2.8382925
-1.873701
-2.3580614
-2.0054423
-2.0842358
-2.5703091
-2.1815713
-1.7709396
-1.5173541
-2.2283903
-1.8013023
-2.0640617
1.759415
-2.5687779
-2.4781119
-2.7162246
-2.8229706
-2.7505145
-2.3392653
-2.3392653
-1.8347527
-2.1663692
-2.4713983
-1.6420228
-1.634471
-1.7519818
-2.7115959
-2.283756
-2.283756
-2.0949193
-2.0949193
-2.5383336
-2.5383336
-1.3047275
-1.3047275
-3.0643818
-2.2992153
-2.2992153
-2.2191241
-3.1520009
-1.4190253
-2.9694222
-2.2427921
-2.3399015
-2.3399015
-2.771287
-2.4112757
-2.3139461
-2.3324265
-2.4960285
-2.3609339
-2.5332071
2.8320112
-2.8409737
-2.0636164
-2.3367557
-2.2271938
-2.3509391
2.1952002
-3.4918124
-1.7399655
-1.7399655
-1.7975154
-1.7975154
-3.2583123
-2.478386
-2.478386
-2.356172
-1.5682132
-3.5695729
-3.5695729
-1.3910397
-1.3910397
-3.6458493
-3.6458493
-1.7526522
-1.6553226
-1.4341023
-1.9667267
-2.5228415
-2.145108
-1.9539943
1.2662114
2.0067636
-0.94679178
-1.2667593
-2.7793749
-2.7586204
-2.3026628
-2.8300574
-2.3315103
-3.1407664
-1.9647795
-3.0371105
-2.4898522
-2.7472326
-2.8338724
-3.4147873
-3.3949499
-3.153931
-3.4200692
-2.426007
-2.5400881
1.5220805
-2.4536093
-2.6962126
-2.4451727
-2.0250804
-1.4070686
-1.4070686
-1.9976943
-1.7748521
-1.7748521
-0.7501039
-0.77716629
-1.5221569
-1.5221569
-2.5423541
-2.897625
-1.4238761
-1.4238761
-1.3529341
-1.3529341
-1.2649368
-1.8043934
-1.4572695
-2.829845
-1.2557645
-2.1808777
-1.3915976
-1.3404337
-2.0518948
-1.4122757
-1.9278673
-3.2025785
-1.3049322
-2.3176997
-2.3981848
-2.317464
-1.7644064
2.6053065
-2.859129
-3.3023141
-3.5600854
-2.0921523
-2.0082851
-2.0082851
-1.5059409
-3.921835
-3.0886209
-2.3524715
-2.4378434
-2.3771183
-3.2054939
-3.3013475
-1.7817604
-1.3306341
-2.4717838
-0.99504556
1.3478347
-1.6963875
-2.79936
-2.9808604
-2.1919848
2.0569973
-2.2012709
-3.8180763
-1.4962095
-2.5968749
-2.524982
-2.6699143
-1.7506985
-2.1905201
-0.65177516
-0.29179377
-1.4242945
-1.0180165
-2.6838358
-2.569538
-2.3947875
-2.4961905
-2.8432401
-2.7527787
-1.9971187
-1.9331284
-3.2974898
-3.7355523
-2.3827988
-1.8028221
-2.5691548
-2.6236958
-3.1037649
-2.4055832
-3.2899782
-1.1870592
-1.493412
-0.60190953
-2.405487
-0.29596651
-1.1342649
-2.2331193
-1.8796797
-1.9067421
-1.4428431
-1.4428431
-1.8287511
-2.8642137
-2.8642137
-2.7348926
-2.7348926
-3.1030274
-2.646629
-2.0980353
-1.8711987
-2.6184297
-2.461051
-3.0911919
0.811232
2.0337027
-2.2026767
-2.2026767
-2.016504
-2.2938492
-1.9083108
-3.2960538
-3.3782458
-3.1424279
-3.7616344
-3.7616344
-3.2533349
-3.2533349
-2.9984684
-2.1426117
-2.9862986
-1.152393
-1.3057396
-3.3023177
0.44910216
-2.7852259
-2.3833247
-2.5074964
-2.6142424
-2.5947319
-2.9263484
-2.6362314
-2.8822797
-2.8832592
-2.6975454
-2.4154507
-1.7751626
-3.1917281
-2.5456475
-3.4529778
-2.3422773
-2.6883633
-0.19605399
-3.220686
-3.471588
-2.3398927
-2.2805671
-1.8376017
-2.9079838
-1.8541963
-1.8030324
-2.1633964
-1.9422407
-1.070222
-2.4671187
1.6403106
-2.0919968
-3.7429905
-3.2271009
-3.2271009
-2.7424099
-2.7619205
-2.2385705
-1.6317114
-2.4992015
-2.2680362
-1.8294054
-2.0398449
-2.2916268
-2.8332612
-1.3622664
-2.0521428
-1.6708689
-3.1957536
-1.6938829
-1.5701861
-2.5343376
-1.8449975
-2.3919299
-2.104213
-3.5405748
-1.402836
-1.402836
-3.1169806
-2.1599048
-1.1422128
-1.3070723
-2.8851121
-1.4656282
-2.2522673
1.5220805
-1.9475819
-2.6142235
-1.9440031
-2.6522504
-1.7807423
-2.3475058
-2.4961069
-2.4885551
-1.4980887
-1.5175993
-3.0965753
-1.9541321
-1.9541321
-2.5441392
-3.1267163
-2.676284
-2.384479
-2.384479
-2.7962541
-1.6353546
-1.8659303
-2.5709861
-1.9447926
-2.9187305
-2.15138
-2.9467566
-2.6458681
-3.1371104
-2.3937188
-2.7468684
-3.0784904
-3.4066354
-3.4180061
-2.6497229
-1.1310436
-2.8300003
-2.6198297
-2.4622533
-2.7760539
0.50044024
-1.0240778
-1.8772917
0.72952306
-2.2609535
-2.557184
-2.4900707
-3.0428491
-2.676284
-2.2744383
-3.0705999
-3.9136114
-2.0796531
-2.6142424
-2.9042516
-2.4950016
-2.7711794
-2.2956235
-1.8668976
-3.9124289
-1.6880645
-2.2500837
-3.2040053
-2.3887046
-1.8528185
-2.2750922
-1.8958635
-2.3070498
-1.401598
-1.8090191
1.5232348
-2.5882885
-3.7110036
-2.7519673
-2.7519673
-3.2286976
-3.2867716
-3.2867716
-2.9723911
-2.9723911
-2.9669789
-2.6390125
-1.3830006
-1.3403058
-2.0430987
-3.2933898
-0.00017460667
2.2911609
-3.613596
-2.6242109
1.3103901
2.988711
-3.3226143
-2.5539801
-3.4481101
-3.1957255
-2.6126947
-3.2872375
-3.2181961
-3.2709178
-2.9102426
-2.4250414
-0.68568906
1.9213958
-2.4536093
-1.777331
-2.1464954
-2.5947319
-2.5947319
-2.2331193
-2.4808687
-2.3663739
-2.1584542
-2.9263484
-2.342113
-2.342113
-2.7538521
-2.4815883
-2.2255675
-2.8221622
-2.5074964
-2.6362314
-2.7429774
-2.4461387
-2.635255
-2.9939646
-3.1405221
-3.0909914
-3.0909914
-1.971312
-1.9301274
-1.7297852
-0.38598049
-2.1477689
-1.5421977
0.69227656
-2.9827542
-2.5992863
-2.8845656
-2.8233252
-2.2769277
-2.559791
-3.0915071
-1.5447484
1.9510782
-2.2430568
-2.2430568
-2.4699694
-2.4699694
-1.4966241
-1.389878
-1.389878
-3.4467803
-3.4467803
-1.8417387
-1.8417387
-1.6376274
-1.6376274
-3.8402165
-3.8402165
-2.8674144
-2.8674144
-2.4044819
-2.4044819
-3.7582748
-3.7582748
-3.7777854
-3.7777854
-2.3787695
-2.3712176
-3.1444491
-2.8619205
-2.8619205
-2.6797258
-2.6797258
-2.3586744
-2.3586744
-3.3061278
-3.3061278
-3.1852204
-3.1852204
-2.8971248
-3.0258598
-2.99936
-3.286234
-3.3132964
-3.0630394
-3.0630394
-3.2478141
-3.2478141
-2.2091658
-2.2468705
-2.3638551
-2.2238307
-3.0894175
-3.2233955
1.27718
2.9555009
-2.790575
-1.4966241
-1.7895296
-1.4295107
-2.4560151
-2.2182555
-2.0716968
-1.8870078
-2.8980997
-3.3881488
-1.975756
-1.975756
-2.7785654
-1.8876315
-1.8800797
-3.8982908
-2.313684
-2.313684
-1.5193242
-1.5193242
-1.8272009
-1.9555383
-2.313752
-1.8423477
-1.8423477
-2.0749502
-3.0629236
-3.0629236
-2.8025338
-1.3017717
-3.9645515
-2.101578
-2.101578
-1.4398759
-1.715535
-1.7806379
-2.159609
-2.2578666
-1.7806379
-2.65464
-2.8393904
-1.7889181
-1.9176531
-2.9767781
-2.1001954
-1.9519499
-1.4342694
-3.4822051
-1.7633273
-1.7121634
-1.44572
-1.5991215
-2.6125478
-1.7739527
1.0028952
1.8827787
-1.7491173
-2.514619
-2.3833704
-2.0666679
-2.4941876
-2.6283197
-2.9404256
-3.5127146
-2.9502995
-1.6879632
-2.6090008
-2.6972615
-0.83163812
-0.96853515
-2.4097902
-3.008717
-2.6813356
-2.6275955
-3.3329031
-3.6268409
-2.1714399
-2.2014619
-2.4032691
-3.0572847
-3.0111355
-2.4815883
-3.4516079
-2.552563
-3.480009
-3.3141463
-1.313744
-2.1526048
-2.4296049
-2.9850789
-1.9386334
-2.468919
-2.5611505
-2.0506539
-2.6341671
-2.8323981
-1.7134686
1.4285872
-2.8838002
-2.6287367
-2.6289337
-2.7085815
-2.0204261
-4.0729428
-2.8154683
-2.8944618
-1.8507087
-1.7301948
-3.626004
-2.5173379
-2.0343032
2.1774632
-3.2424002
-1.7712991
-1.7286043
-3.0050482
-2.0047954
-2.1443813
1.9306243
-2.5752213
-2.5752213
-3.2463536
-2.774513
-1.9725094
-1.9844681
-1.9753393
-1.9753393
-1.8646287
-1.8646287
-1.8826413
-1.8826413
-2.8731077
-2.8731077
-2.2744383
-1.2183294
-1.2183294
-2.5539801
-2.5539801
-3.3729549
-3.5287523
-3.1620299
-3.1620299
-3.1549127
-2.6863129
-1.9362195
-1.9362195
-1.7190576
-2.8067087
-1.9688392
-2.0372971
-2.0393295
0.76430665
2.4426276
-2.5532597
-2.8013259
-2.0928686
-2.63438
-2.63438
-3.140967
-3.2530151
-2.741126
-3.2023128
-2.3555032
-2.3555032
-2.8342541
-2.8205887
-2.7374255
-2.7392707
-2.2435455
-1.4761312
-2.531098
-3.0882908
-0.9820312
-1.3768846
1.0584436
-2.2239192
-4.0778738
-3.3354575
-2.9346636
-2.0502686
-2.603047
-2.1164994
-3.0308904
-2.4560151
-3.3296835
-2.848403
-1.8803192
-3.0308904
-2.1164994
-3.0308904
-2.1164994
-3.3625069
-2.4781119
-3.0308904
-1.7848828
-3.0308904
-1.7848828
-3.0308904
-2.1164994
-3.0308904
-2.5452253
-3.0308904
-2.1164994
-3.0308904
-2.5452253
-3.0308904
-2.4781119
-2.1164994
-2.1164994
-3.8638042
-3.0465225
-3.5321876
-1.8285123
-2.8973658
-2.3397909
-3.5181237
-2.6337287
-2.9079921
-3.0320446
-2.4781119
-3.3625069
-2.1164994
-3.2171036
-2.3027126
-3.0320446
-2.1164994
-2.783141
-2.1089476
-3.3549551
-2.4900707
-3.3744657
-2.1284582
-2.7950998
-2.9858037
-2.6150058
-2.0622274
-3.0428491
-2.1284582
-3.0154631
-2.1010721
-3.6713895
-2.676284
-3.37562
-3.1894196
-4.2588736
-3.5032136
-2.7708032
-2.2180247
-3.2102543
-3.2945388
-2.1443432
-2.0470136
-2.658365
-3.0698612
-2.1854662
-2.0139285
-2.1285521
-2.2214779
-1.1604778
1.3696207
-2.5283656
-3.1515232
-3.0781242
-3.0781242
-2.541087
-2.541087
-2.9811181
-2.9811181
-2.2266065
-2.2266065
-2.9203376
-2.7434121
-2.2130304
-2.4599513
-3.4274271
-1.2738112
1.4691176
-2.4806717
-2.7155913
-3.3829683
-3.6003924
-2.9548798
-2.4288569
-2.3348415
-2.5185453
-3.6080241
-2.8555944
2.2992694
-3.4563581
-3.6207042
-3.6207042
-2.9085772
-2.9085772
-3.0648111
-2.6554148
-3.4864778
-3.4864778
-2.982706
-2.982706
-3.4481101
-3.4751725
-2.8287919
-2.8287919
-2.3384643
-2.5908044
-2.3359379
-2.4076542
-3.179671
-2.5314765
-2.5314765
-3.249244
-3.249244
-2.8611993
-2.8185045
-3.0024791
-1.6063332
-1.1372406
1.6839343
-2.8706807
-2.9380497
2.0808262
-2.326498
-2.7351689
-1.9947907
-1.9947907
-1.726748
-1.9648854
-2.0159418
-1.9979094
-2.6384319
-2.4895603
-1.642045
-1.3261145
-1.5768342
-1.8168111
-2.1612411
-2.2043795
-1.90419
-1.9090688
-2.4011525
-2.0221835
-2.5229098
-2.3805602
-3.0044887
-2.1488681
-1.733584
-1.8593128
-2.2254124
-2.8134953
-1.4686107
-1.924904
-2.4589091
-2.3709912
-1.8102676
-2.1837975
-2.7904733
-1.9556245
-3.0833956
-2.3212609
-2.8880796
-2.3444677
-2.0293837
-2.3092638
-2.6050913
-1.6871031
-1.4558199
1.4835546
-2.7453719
-2.7281834
-3.5729781
-3.2583123
-2.8462669
-3.7201323
-4.0242691
-2.1199881
-2.1318902
-3.8248452
-3.3538996
-2.728163
-3.2959421
-3.4121235
-2.9831745
2.8944479
-2.4611611
-1.7848828
-3.0005936
-2.7276086
-1.657428
-3.3187036
-2.8980997
-2.0875727
-2.2060569
-3.0709543
-2.7999346
-2.3314893
-2.9042516
-3.0413383
-2.2191241
-2.9274751
-1.9713747
-3.0315784
-3.1781242
-2.8615259
-2.7918285
-3.1988307
-3.224573
-2.1548294
-2.4870654
-2.6105419
-2.6609749
-2.2993623
-3.5409311
-1.9249174
-2.495259
-2.3794298
-3.3451097
1.6839343
-3.4563581
-2.4994747
-2.3155003
-2.0517081
-2.9019365
-1.8840751
-2.9602214
-2.4069765
-2.5137225
-1.9065184
-2.4755257
-2.5258116
-2.5115147
-1.9212919
-1.8154795
-2.6042607
-2.8205394
-2.2962855
-1.3568415
-1.8092034
-3.2060176
-2.0525511
-2.0134043
0.4924018
2.4122775
-1.9657899
-2.1553003
-2.2802308
-2.6727379
-1.6242994
-2.6728676
-2.3677306
-1.4030589
-1.351895
-1.4315462
-2.2046435
-2.2064208
-2.3557828
-1.6209107
-1.9941799
-1.8081444
-2.3289564
1.8743053
-2.6813977
-2.9273925
-2.9196216
-1.8186994
-2.2217934
-2.6903633
-1.7887034
-2.690845
-2.707077
-2.5269075
-2.2331193
-1.9983025
-1.9983025
-2.9670573
-2.4491683
-2.6447071
-2.590397
-3.3038985
-2.9659702
-3.264138
-2.1383082
-2.6486041
-2.6252192
-2.9639532
-3.1041914
1.7774276
-2.9307674
-3.0869846
-2.7769895
-2.5690698
-1.6474799
-1.8075767
-2.0212012
-1.8365895
-3.0654306
-2.4709001
-1.5690282
-0.61793059
-0.11273766
-1.9936951
-2.0752269
-1.3012233
-2.3842642
-1.9484847
-3.0513122
-2.425244
-2.6125479
-2.7224813
-2.1393157
-2.6716033
-2.3709998
-2.3352443
-2.4820229
-2.9752862
-2.4813978
-2.6131104
-2.5307385
-2.9263364
-2.7833838
-2.4886941
-2.3811384
-3.1531552
-2.3813597
-2.9405936
-2.1950107
-2.262124
-2.8790836
-3.4669492
-1.3844995
-3.2940946
-2.2502991
-2.0837578
-1.2817974
-1.6574273
-2.0497407
-2.4894392
-0.24317548
2.1952002
-2.6557273
-2.6704645
-2.2491815
-2.2491815
-2.4218865
-3.1354046
-2.9056797
-2.9327421
-3.1804914
-2.9239509
-3.6191176
-2.3233291
-1.9750266
2.0630892
-2.1357897
-3.4682707
-2.8101076
-3.0222624
-2.5687779
-2.2136087
-1.8748037
-1.6270544
-2.3026471
-2.6394728
-2.169788
-2.0111846
-2.0635471
-2.7237365
-2.725922
-2.3643094
-2.3758786
-3.0650268
-3.0650268
-2.9511636
-2.6484528
-3.7419785
-2.4567897
-2.1019805
-2.9953435
-2.884633
-2.884633
-3.1215479
-3.5742723
-2.7771878
-2.8995048
-3.1689848
-2.4792591
-3.013368
-3.1369731
-2.8090068
-2.4200081
-3.6851935
-2.9617452
-2.9705658
-2.6155869
1.3650401
-2.117843
-1.5611508
-2.2142825
-1.5306901
-2.4252399
-2.6037685
-1.8526699
-1.423944
-2.2136087
-1.5555983
-3.4086338
-2.0165586
-2.5388114
-2.1115835
-2.801518
-2.9088
-2.9126126
-4.0071328
-3.3181387
-2.75303
-3.6199097
-3.2393992
-3.1828123
-4.204433
-4.0702065
-3.667301
-3.5320988
-2.2357049
-2.342451
-2.5171611
-2.2824959
-3.9833355
-2.1714855
-2.640373
-0.28104035
-2.7927777
-3.0478412
-2.3196742
-2.5197888
-1.9378449
-2.8349294
-2.4808687
-2.5527841
-2.6595301
-2.8838002
-2.3677251
-2.6595301
-2.0111987
-2.0382611
-2.2075361
-3.1457987
-2.8500292
-3.2671896
-2.415942
-2.90885
-2.1331285
-1.8272568
1.5220805
-2.4193326
-2.3808436
-2.1928816
-2.1303907
-2.1574531
-2.3936332
-2.5223682
-2.5223682
-2.6566165
-2.196498
-3.0323971
-2.5231113
-2.6028102
-3.3235468
-3.3542695
-1.2614573
1.9848724
-2.7696044
-2.4808687
-2.2331193
-2.7711794
-2.7711794
-2.5947319
-2.8424812
-2.4808687
-2.1076615
-3.8958964
-2.3037194
-2.4225873
-2.7234668
-3.3945991
-2.4692741
-3.1896582
-1.9585444
-2.2038365
-3.4023689
-2.0523818
-1.8800148
1.9441536
-2.5890486
-4.1177513
-2.8051156
-2.8051156
-2.4831358
-2.7336401
-2.9035193
-2.4504096
-2.0216837
-2.0216837
-3.2025911
-2.9255374
-1.949045
-1.9804503
-2.5125013
-3.3399572
-1.413068
-1.413068
-1.2272659
-3.2226477
-3.0415058
-2.1855578
-2.6862841
-2.5425437
-2.111938
-1.7638038
-1.4021403
1.4892138
-3.0262269
-2.5252675
-3.0554283
-2.6170657
-3.0376282
-3.0716135
-2.9974695
-2.066625
-3.0552358
-2.1451339
-1.2583894
-2.5350059
-3.2184966
-3.1548612
-2.7690334
-2.5876325
-2.5876325
-2.7892405
-3.7046061
-2.2332406
-2.2332406
-3.3372014
-2.6454085
-3.0444241
-2.4148477
-1.2703482
-2.629788
-3.8592491
-2.6478006
-3.7748005
-2.2330696
-2.0631206
-1.3788854
-2.7527939
-1.5719593
-2.9593163
-0.53639667
-1.7516241
-1.4268437
-0.85833522
-2.0123604
-2.2601098
-2.1460317
-2.0045361
-2.4130182
-1.8802258
-1.6413536
-3.5830879
1.4812913
3.1596122
-2.8803526
-1.9344601
-3.4281785
-2.6607359
-3.5152447
-2.437377
-3.0724042
-2.9019172
-2.4505869
-3.1845667
-3.324042
-2.6982505
-3.1392222
-3.3748745
-3.2621444
-3.3953439
-3.7364871
-2.7340352
-2.6488041
-2.7555209
-3.054466
-2.5367341
-2.3707641
2.0258593
-1.6165936
-1.6502658
-3.1999507
-1.7713822
-2.3593765
-2.6993759
-2.3716914
-2.7427784
-2.3721171
-1.8036107
-2.2495015
-2.2671573
2.431656
-3.2575897
-3.2804339
-2.6618334
-2.2206024
-1.3772819
-2.7865955
-2.3001939
-2.0347591
-2.3136863
-2.3136863
-1.8873996
-2.9853345
-2.8255538
-2.7715606
-2.3300269
-1.6757652
-1.6757652
-1.9965157
-1.9965157
-1.8920998
-2.1145245
-2.7604633
-2.7623447
-2.2902901
1.5225968
-3.1896582
-1.971648
-2.4003739
-2.117882
-2.8748794
-1.4713281
-1.3423452
-2.5361334
-2.6502439
-0.61983017
1.2060153
-1.2009095
-2.1962177
-1.3018651
-2.1825882
-2.4956291
-2.7433784
-1.1904205
-2.249863
-3.0938103
-2.4708786
-3.0618186
-3.0618186
-3.0863753
-3.3689262
-3.3574943
-2.0732377
-2.3316348
-1.8374521
1.8923179
-3.0120108
-3.170508
-3.2843712
-3.1501447
-2.2285241
-2.3554109
-3.2807359
-3.0362815
-2.2985662
-2.2888278
-3.0406892
-2.9405322
-2.0683826
-1.9112282
1.8889073
-1.6088361
-2.1860993
-1.6738043
-1.9508647
-1.3699018
-2.3333325
-2.2014846
-2.6629225
-2.4571694
-2.4888603
-2.9871381
-2.6877154
-2.1633446
-2.2898372
-1.9083203
-3.5715823
-2.3843711
-3.4388079
-2.8430653
-3.4758862
-2.5972303
-3.3210343
-3.4552608
-3.4552608
-2.7433837
-2.6710396
-3.5975189
-3.4552608
-2.5840775
-2.7136446
-2.8509694
-3.1964286
-3.7262539
-2.9605619
-2.7402589
-3.085718
-3.0551216
-2.7997745
-2.8813568
-3.5098534
-2.069567
-2.786501
-3.4045285
-2.6573405
1.3650401
-2.093151
-2.7673502
-2.7673502
-2.7263441
-2.9257657
-2.4701129
-2.6259103
-2.8165235
-2.8458853
-3.5524008
-2.6930236
-2.6930236
-3.5250664
-3.5250664
-2.1052465
-2.0079169
-1.3970603
-1.3543654
-2.6312513
-1.8451872
1.19215
2.8704709
-2.9905151
-2.2176261
-2.9978293
-2.9978293
-2.886248
-1.9785358
-1.7519711
-2.1549194
-3.0609287
-2.754068
-2.5911446
-2.5871801
-2.5947319
-2.5947319
-3.2358681
-3.3729549
-3.0544667
-2.1895134
-2.3182483
-3.3158873
-3.3158873
-1.9853202
-3.3594326
-3.5252201
-2.555751
-1.5734548
2.0630892
-2.02515
-2.7592529
-2.5978305
-2.343656
-1.8278132
-2.5477204
2.431656
-3.2354521
-3.566413
-2.9924444
-2.8159287
-1.7560796
-3.2039877
-2.4942173
-3.0056875
-3.5295618
-3.2814916
-2.3248953
-2.581031
-2.4099065
-2.5899022
-2.0392388
2.8592777
-3.46391
-2.9315784
-2.7868566
-2.5762244
-2.4209967
-2.586099
-2.8851203
-3.1300369
-1.7368216
-2.3470602
-2.5469646
-2.5044514
-3.5580485
-3.4085495
-2.5648572
-2.7552458
-2.5003792
-2.1458839
-3.0647655
-2.1117789
-2.7562188
-2.5310007
-2.4531817
-1.9631967
-2.3732484
-2.6313141
-2.1259305
-2.4688896
1.9510782
-1.959416
-3.2192179
-3.2192179
-1.9659807
-2.4528267
-1.9076046
-2.7111458
-2.7111458
-2.8136208
-2.8136208
-3.589552
-1.6059481
-1.6059481
-2.2255675
-3.0656658
-2.9069548
-1.572731
-1.572731
-2.1706951
-2.1706951
-3.5712839
-3.5712839
-1.747774
-1.747774
-2.856207
-2.856207
-1.7968709
-1.7340241
-3.2137426
-3.0609141
-2.2055208
-1.7916876
1.6403106
-3.3529071
-3.0577519
-2.1923676
-1.9983179
-2.44839
-1.815528
-1.9713747
-2.2894769
-3.0195068
-2.0274254
-2.0204261
-1.9853202
-1.9853202
-3.6911098
-3.0595593
-1.96477
-3.2281187
1.1712509
2.0511345
-2.1946638
-1.5639973
-1.6039599
-1.6039599
-3.2717696
-3.3613568
1.3689844
2.1095365
-0.055546542
-1.2908421
-1.9932732
-1.9932732
-2.6402866
-3.2109448
-2.24733
-2.24733
-2.393099
-2.393099
-2.5269075
-3.0904649
-2.8773332
-2.8773332
-2.6479368
-2.1303907
-3.2657908
-1.9097037
-2.6142424
-2.5947319
-2.4808687
-1.9997413
-2.1284763
-3.2807359
-2.0204261
-2.2840353
-3.3303866
-2.5471953
-3.0620609
-2.2144484
-1.1473851
-0.73542884
0.083040443
-1.6460216
-1.9688257
-1.6260213
-1.8376835
-1.6306983
-1.7731577
-2.2854924
-2.1429406
-1.942826
-1.233601
-1.6541425
-1.5507295
-1.4626606
-1.9227226
-1.5700954
-1.2479227
-1.2479227
-2.7427856
-2.6130471
-1.0001733
-1.0001733
-2.1027417
-2.4664594
-2.7036137
-2.1916472
-1.5502006
-3.0184764
-1.8152704
-1.7179408
-2.3150343
-1.2161437
-2.4654224
-1.1274204
-1.0762565
-2.454531
-1.8553277
-3.1856662
-2.3986827
-3.3015385
-1.1978185
1.6403106
-3.5007197
-3.5510091
-3.5510091
-3.3552109
-3.3552109
-2.5805794
-2.4832498
-2.4782556
-2.1502892
-2.9694676
-2.8756088
-1.706162
-1.9736589
-0.52104447
1.0652807
-1.6222119
-1.8989051
-2.9683092
-2.9481728
-2.5913797
-2.24694
-2.2900098
-1.518078
-1.9982896
1.4297415
-2.8406101
-2.4889608
-3.08343
-2.1172554
-2.766855
-2.4413403
-2.7022667
-3.0439453
-1.5049936
-1.9206031
0.86462983
-2.4321529
-2.5608878
-2.4198845
-4.4401564
-3.1938653
-3.1938653
-1.7718838
-1.7718838
-2.8943403
-1.0054555
-1.5910875
-2.5179077
-2.3362444
-2.6631337
1.3831919
-2.6503982
-2.4130442
-2.7940236
-2.9434814
-2.5449345
-1.8543233
-1.2223197
-2.7482972
-3.6935407
-3.3862845
-3.2885535
-3.2904073
-3.2640267
-3.4063648
-2.8099469
-3.4239124
-3.0349465
-0.64625576
-1.7542762
-2.8762183
-2.6459332
-1.9151798
-1.3401179
-2.7584779
-3.5269722
-2.97149
-1.8119094
-2.9613795
-2.5997669
-2.5061855
-3.0986947
-1.2092291
-1.6767434
-3.3661756
-3.7718598
-3.150444
-2.7092555
-2.3210464
-2.5985033
-1.6028276
-3.0189215
-1.8000549
-2.0929013
-3.6834517
-2.3572119
1.3855037
-2.4406538
-2.4601644
-2.6623697
-2.9166487
-2.3847857
-3.1862367
-3.2132991
-2.9959912
-3.1247262
-1.8825347
-1.8825347
-2.9720908
-2.9720908
-2.7147856
-3.0648011
-3.0648011
-2.4246861
-1.8757138
-1.9903374
-2.7113195
1.1188908
1.9987744
-1.9660799
-3.471588
-2.4146379
-2.13601
-2.0318237
-1.823904
-2.8848763
-2.0723271
-2.8320158
-2.7825092
-3.3444109
-2.7748787
-3.1861015
-3.1957381
-2.0842206
-1.3075701
-2.6833877
-1.1536337
-1.5306577
0.69227656
-2.2021145
-2.2347468
-2.8698906
-3.3126039
-2.4188876
-2.1783317
2.0681539
-2.8942016
-2.2162572
-2.0392133
-2.8187819
-2.7887859
-2.6034694
-2.6034694
-2.4671496
-2.2894941
-2.2186243
-2.0333518
-2.0333518
-2.4976225
-3.3820175
-2.5171331
-3.5877413
-3.3744786
-2.9361161
-2.9361161
-2.5727703
-1.9298258
-1.9118132
-2.8371382
-1.9118132
-2.2434298
-2.8754726
-2.2814825
-1.8431199
-1.8431199
-1.9935097
-2.2947409
-1.9331284
-2.9750019
-2.6504677
-2.225796
-2.0001475
-2.5703091
-2.1451735
-1.7101719
-2.637859
-2.6886915
-2.5225137
-2.138779
-2.2766088
-1.0690679
-1.3273746
0.86815278
-1.2697809
-2.8229706
-2.4564109
-3.9551756
-3.3707832
-3.3707832
-2.1434135
-2.4820229
-3.9645515
-3.5358256
-2.218755
-2.218755
-2.8287612
-2.7151603
-2.986563
-2.0122864
-2.5621114
-2.3372948
-1.7207661
-2.84235
-2.2586039
-3.5604765
-3.3514541
-3.3498998
-1.5813497
-2.794283
-2.9649761
-2.6861783
2.3551098
-1.5161346
-1.9582671
-3.0177745
-2.3585517
-2.9042516
-3.1556362
-2.5197603
-2.47668
-2.7269103
-3.3945991
-2.3554109
-2.7234668
-3.0329866
-2.1076615
-2.3618543
-2.7234668
-3.0329866
-2.4170331
-3.1750453
-2.6721392
-2.2387501
-2.5913848
2.1983464
-1.7357981
-2.4533249
-2.2213594
-2.2818651
1.5321973
-2.3366144
-2.2878277
1.1077649
2.8262471
-2.8823352
-1.8043934
-3.1080326
-2.071151
-1.5090722
-2.4625124
-1.6647357
-1.6647357
-2.0369775
-2.0530253
-2.1603726
-2.1603726
-2.1532554
-2.2331193
-2.2331193
-2.6365006
-1.720246
-2.661739
-1.9322398
-2.6162645
-2.1221283
-2.0247987
-1.6931822
-2.9912654
-1.981187
-2.4979646
-2.8604903
-2.3554109
-1.9331284
-2.3618543
-3.2191998
-1.4501531
-2.2465314
-3.7563657
-1.738822
-1.5904031
-1.725039
-1.9770899
-1.2174082
2.1212475
-1.527246
-0.60634445
-2.294927
-1.5280406
-1.847546
-1.7530173
-1.7258608
-2.3979312
-1.5997631
-1.3012233
-1.7975154
-3.1751468
-2.1971649
-2.1748379
-2.2283298
-2.059419
-2.059419
-3.4030082
-3.154315
-3.154315
-1.5348094
-1.5348094
-2.0170612
-2.1828487
-1.1502257
-2.0009306
2.0402529
-3.376299
-3.376299
-1.9976463
-1.9976463
-3.1838421
-3.2905881
-3.5913288
-3.5833103
-2.5235535
-3.6024043
-3.2814028
-3.183
-2.0516
-2.3939645
-4.2202707
-1.6376274
-1.6376274
-2.8000918
-2.6437685
-2.811661
-2.811661
-2.3546121
-1.8860563
-2.3546121
-3.8925631
-2.4261791
-2.4261791
-2.7028342
-2.7028342
-2.0138869
-2.0138869
-2.5469266
-2.5469266
-4.0178665
-2.5785465
-2.5785465
-1.8058201
-3.5305007
-4.068289
-3.926031
-2.2842497
-2.5223682
-2.5223682
-1.7640999
-3.1920007
-1.6703338
-3.0948223
1.0522937
2.7306146
-2.2119661
-1.6321474
-2.5116198
-1.9829983
-2.8235129
-2.1133763
-2.7170258
-1.6189006
-1.8235031
-3.2959505
-1.7751745
-1.3121289
-0.50239243
-3.2446524
-3.8747373
-2.2383843
-2.2995681
-3.5458548
-2.6080207
-2.5167712
-2.4981779
-2.5078706
-3.6362267
-2.18111
-2.2539744
1.3650401
-3.1322934
-2.3134767
-1.959416
-3.2983404
-2.7445912
-2.2670661
-2.1135837
-2.6596714
-2.1429404
-3.4687123
-2.0314865
-1.9180699
-2.7124606
-2.7124606
-2.5453809
-2.3798358
-2.3458504
-2.3808249
-2.4026507
-1.7444193
-2.3611932
-2.5933107
-2.2094534
-2.4995875
-3.1079079
-3.2190656
-2.6289488
-2.7087401
-2.2305415
-2.4962504
-2.6578719
-2.5290291
-2.1563305
-2.9042516
-3.1752672
-1.6915885
-2.7141951
-2.0478551
-2.2467728
-1.994093
-2.3275497
-2.2990702
-2.4254534
-2.5387822
-2.7871299
-2.3938456
-3.8846166
-2.4707583
-2.2706288
1.9950908
-2.5537314
-3.1408329
-1.4468875
-1.8613942
-3.380311
-2.412278
-2.0128951
0.29383265
-2.2395843
-2.006403
-1.4162391
-2.808693
-2.9484862
-2.5335728
-2.7685885
-2.1270816
-2.0081558
-1.6281565
-3.0591967
-1.6844904
-2.0687189
-2.8612
-1.5161346
-2.6623078
-2.749108
-3.4339005
-1.6448696
-1.8489809
-2.3618543
-2.1023667
-2.7449995
-1.3169033
-2.5129996
-2.3514369
-2.0096359
-2.0581306
-2.3405892
2.0450707
-3.0973555
-3.0079485
-2.9027295
-2.752676
-2.8018376
-3.2431531
-2.5100463
-2.5100463
-2.1574531
-2.2461865
-2.6781519
-2.7848979
-2.7940236
-2.3554109
-2.286188
-2.5317846
-2.2672849
-2.3742279
-2.9361103
-2.0842358
-1.9077382
-2.7311553
-2.8457789
-1.4825689
-1.2312257
2.2301206
-2.4926979
-2.4926979
-2.7073997
-1.5682132
-3.0575015
-3.1413687
-2.7828662
-3.2857381
-2.9008834
-2.0662757
-2.8848763
-3.3136022
-2.6614031
-2.7851
-2.7655894
-2.7123563
-2.8360531
-2.8068042
-1.4906226
-1.6193575
-2.7311185
-2.6337889
-2.8650014
-3.6522482
-2.6590429
-2.607879
-2.0438218
-2.2801802
-3.0987033
-2.582044
-2.0435101
-3.3066211
-2.661402
-1.8317023
1.1580296
-2.666885
-2.3862425
-2.2759524
-2.5579916
-1.7298344
-1.8585694
-2.8751558
-2.6303448
-2.5261032
-2.3693346
-2.0886299
-2.2497126
-1.8450585
-2.4202816
-2.6627852
-2.3000257
2.5428699
-2.5130368
-2.7573177
-2.4330153
-2.3818514
-1.9051877
-2.8883896
-3.1870215
-2.7507401
-2.1184839
-2.7499264
-2.3908339
-3.1217535
-2.6412848
-2.8883941
-2.7934979
-2.903323
-3.4107317
-2.4093462
-3.71266
-2.6312004
-2.5017237
1.3650401
-2.4010691
-2.4010691
-1.4446715
-1.4446715
-3.6289815
-3.6289815
-2.6339712
-2.6339712
-2.8611489
-2.8611489
-3.1730883
-3.1730883
-3.1873456
-3.1797937
-2.5563598
-2.5563598
-2.3611932
-2.3807038
-3.1125617
-2.225116
-2.225116
-1.9208584
-1.9208584
-1.655774
-2.3666588
-2.3666588
-2.5796407
-1.848179
-1.9543498
-3.1435441
-3.858359
-2.9068237
-3.0550693
-3.6902612
-2.8177282
-2.5736149
-1.8421533
-2.5578788
-3.5798033
-2.2966944
-2.1993648
-2.2016478
-2.201918
-2.2042952
0.35380151
0.6034879
-3.1957017
-3.0350882
-3.5346206
-3.016567
-3.1371208
-1.9466046
-2.8531503
-2.8260289
-2.8284061
-2.6715499
2.431656
-3.618871
-3.0519711
-3.0444193
-3.0131256
-2.3740589
-2.5027939
-2.8421198
-3.4160122
-2.5676969
-3.4717285
-3.1982817
-3.0500362
-2.1667832
-2.4177521
-2.5659977
-2.2891075
-2.2891075
-2.6251563
-3.0851465
-2.7259233
-2.7687
-2.5314792
-2.2465314
-2.4086071
-2.5800437
-2.0974319
-1.9327398
-1.6661377
1.6535003
0.22921166
-1.1905128
-2.9566564
-3.6425714
-2.8481772
-2.1996135
-2.8989623
-2.7844401
-2.9473214
-2.5740047
-3.5974807
-2.2533037
-2.3600497
-3.4632542
-2.4712239
-2.201562
-2.2618292
-2.4760791
-2.9723705
-2.3618543
-3.0341408
-2.6096036
-2.5417792
-2.379908
-2.9137475
-3.0382083
-2.2255922
-2.5174896
-3.1369389
-1.3283974
0.10661689
-1.5869637
-2.0284708
-1.6036579
-1.4492438
-1.5620648
0.80410755
-2.2131695
-3.0824638
-1.6611648
-1.4483346
-1.5484974
-1.3687766
-1.4422951
-1.5402946
-2.2388731
-2.1878345
-1.7503439
-0.093004706
-1.2688697
-1.5573507
-1.9884112
-1.9391488
-1.7379257
-1.1905128
-3.1188544
-2.7186891
-2.6350438
-2.9313583
-2.9313583
-2.4034881
-1.8677758
-3.9243078
-2.0502869
-2.481194
-2.6842546
-2.6108353
1.9526726
-2.1039367
-2.5061677
-1.9328314
0.9941906
-2.6210802
-2.2446191
-1.305965
-3.3957944
-4.0436355
-2.3108488
-3.8497785
-3.0422515
-2.7784265
-2.2183295
-2.3657763
-2.4725223
-2.620813
-4.0557697
-4.2431054
-4.1608059
-4.3166453
-3.8896139
-3.9796576
-3.6700982
-3.6774665
-3.8891155
-2.3213118
0.47358176
-3.3771204
-3.0315788
-2.907882
-2.1176537
-2.7842953
-2.5875403
-2.8700019
-2.8700019
-1.2538723
-2.0411124
-1.718652
-1.3570395
-1.718652
-1.7860371
-2.6793067
-1.8570118
-3.5192928
-2.8537054
-1.9271911
-1.9271911
-2.427519
-2.214763
-3.1324903
-2.4865646
-2.4865646
-2.339954
-2.339954
-2.8951841
-2.8951841
-2.4370634
-2.9079921
-1.6717393
-1.3494877
-3.3354575
-1.9687048
-1.9687048
-1.7860371
-1.7848828
-1.7848828
-2.2331193
-2.1321669
-2.1668885
-2.3522192
-2.7353341
-2.7887288
-1.805276
-2.8100856
-1.9025058
-2.5789811
-1.3765501
-2.7552458
-2.7854412
-1.9065184
-1.9736317
-2.3820386
-2.7429774
-2.658365
-3.5569276
-3.3486861
-3.1115178
-1.9499245
-1.9528883
-1.9575292
-2.8865839
-1.9017661
2.1774632
-2.2322175
-3.4608212
-2.9924444
-3.0942712
-3.0869571
-3.2235373
-2.7904363
-3.1510618
-3.2797968
-2.5276461
-2.7074057
-2.2173429
-3.4000998
-3.3700119
-3.1902911
-1.7365655
-1.9931173
-2.539971
-1.2084954
-0.92963565
-0.99011906
-1.4887259
-1.3036846
-1.9509114
-2.5720686
-2.2136087
-2.9042516
-3.4033855
-2.7029118
-2.3652977
-2.1875386
-2.4135131
-1.9859259
-2.4755257
-2.4564109
-2.6364855
-2.1652949
-2.8891251
-2.9484862
-2.1875386
-2.4130442
-2.8371382
-1.6789356
-2.9658732
-1.6789356
-2.9658732
-1.6789356
-2.3997302
-3.2514987
-3.07222
-2.6897611
-2.5943341
-1.4356371
-2.2509894
-0.8156329
0.27483177
-1.121515
-0.99349061
-1.7122905
-1.7519217
-1.4280233
-3.2733524
-1.7714817
-1.9203269
-2.6171962
-1.2641974
-3.2424765
-1.8727241
-2.6504895
-2.7458767
-2.8659278
-3.049921
-3.7021126
-2.2927275
-3.4325668
-2.8865699
-2.4789219
-1.4952021
-2.8922333
-2.5136401
-2.7947491
-2.1457843
-2.4560151
-2.5937907
-2.6101776
-1.7431976
-2.796659
-2.1368199
-2.4942425
-2.5721305
-2.4099196
-2.1368199
-2.1818281
-2.0744083
-2.9969252
-2.9947397
-1.8180301
-2.5509111
-2.4760874
-2.9410746
-2.8990251
-2.9910799
-2.9846499
-2.551916
-2.0314068
-3.5257892
-2.2388517
-2.4873735
-3.5243736
-2.7411823
-3.0219289
-3.5687169
-2.5787506
-2.4655282
1.9072574
-2.1928816
-2.7473368
-3.0478411
-3.0680772
-2.3830682
-3.7684879
-1.9744374
-2.5667903
-1.8176758
-2.8080294
-2.399425
-3.8139341
-2.373068
-2.7607692
-1.2144479
1.462725
-2.2662961
-3.395885
-3.0004095
-3.0035622
-1.526876
-1.526876
-2.8610201
-1.806284
-1.806284
-1.370441
-2.2033513
-2.2033513
-1.8813714
-1.9514943
-1.6848578
-1.9943775
-2.2446078
-2.541845
-1.726748
-2.7311392
-2.8342016
-2.8342016
-3.3696735
-1.9806975
-1.9806975
-2.789154
-2.0600688
-2.0600688
-2.1668149
-1.5844875
-1.5844875
-2.8470699
-1.9512182
-1.9512182
-2.4477901
-1.6807317
-1.6807317
-1.4258652
-3.2073714
-2.4564279
-2.0638041
-2.0713559
-3.300262
-2.5393641
-1.367573
-1.367573
-1.9596915
-2.1303488
-2.1303488
-1.8754822
-2.3484769
-1.9597478
-2.3960256
-2.8837006
-2.835822
-2.4989729
-2.4989729
-2.6057189
-1.3324669
-1.3519775
-1.3448603
-1.8354313
-1.4532347
-2.3876194
-1.7238789
-1.3427558
-2.9865943
-2.9865943
-2.9865943
-2.3010546
-2.3010546
-2.201525
-2.3493137
-2.5682626
-2.4808952
-1.0250469
-1.0250469
-0.66343432
-2.9121078
-3.1596563
-2.9863799
-2.935216
-2.8275016
-2.0573321
-2.7501243
-1.9999591
-2.0023363
-1.3847593
2.3448471
-2.7822447
-1.97402
-1.1381881
0.76300267
-3.2623839
-3.2623839
-2.3709626
-2.9043268
-2.5588857
-2.0896766
-2.886941
-2.2828531
-1.1734788
0.19253923
2.4017965
-2.4624126
-1.8289021
-1.715843
-2.6956123
-2.3339998
-1.7082621
-2.0228186
-2.1021464
-1.0723102
-0.70064586
-2.6364702
-2.1444485
-2.0864236
-2.0864236
-2.5001411
-1.9601256
-1.24887
-1.8335736
-3.0956864
-2.7533798
-2.7142374
-3.0950554
-2.4947194
-3.3328813
-3.375709
-2.7263995
-4.1594521
-3.5374769
-0.32739332
-2.3791841
-2.4062465
-2.7499028
-2.7499028
-2.2629403
-2.2434298
-2.5607331
-2.9579977
-3.0857125
-2.225796
-2.3492168
-2.8007463
-1.7938349
-1.6965053
-2.1511858
-2.1511858
-1.5301054
-1.4362466
-1.7379686
-0.94247634
-1.1365579
0.55016832
-2.6042607
-1.7848095
-1.9780061
-2.9181857
-2.6107622
-2.8135359
-2.8135359
-2.5167163
-1.9651772
-1.2719481
-1.2719481
-3.2307957
-2.560398
-0.25315694
-1.1458664
-1.2266446
-1.987837
-2.1831618
-1.9150699
-1.9391488
-1.8760223
-1.1905128
-3.0150686
-3.1826665
-2.0518192
-2.2086316
-2.5922381
-3.2890574
-3.4177924
-3.172392
-3.4469807
-3.0920465
-3.0920465
-2.8292972
-2.366177
-2.7650101
-2.7204757
-1.2680741
-2.6203957
2.1889395
-2.8000918
-2.8000918
-3.2340544
-2.5102289
-2.1464954
-2.4613581
-2.3546121
-2.3546121
-1.9685417
-1.9609899
-3.0624546
-2.6165403
-2.3616737
-2.4625124
-3.310204
-2.9481568
-3.2114881
-2.2209464
-3.7761421
-2.3842072
-2.8120506
-2.7552458
-2.1855165
-2.9263484
-3.5377475
-3.5377475
-2.2561375
-2.1232831
-2.1232831
-2.3279027
-2.5744978
-2.1335545
-2.1335545
-3.3408873
-3.3408873
-2.3332601
-2.6387112
-2.8294883
-1.983753
-2.216636
1.6444511
-3.0079153
-2.9652204
-2.7297716
-2.2958955
-2.9846818
2.0681539
-3.2803584
-3.6951592
-3.477031
-3.3623151
-3.3623151
-3.4229827
-3.1423735
-2.0015507
-2.9227611
-2.4970657
-1.6466275
-1.9807294
-2.2959793
-3.6189352
-2.1357184
-2.283964
-3.6285035
-2.7738825
-2.6815854
-3.444717
-2.8343466
-3.403791
-1.9531141
-2.3233514
1.9853887
-1.9798823
-2.6241341
-1.6248676
-2.4754694
0.8219372
-2.1476497
-3.0038409
-3.1626029
-3.2204352
-2.2300624
-3.8578706
-3.0637523
-2.1423401
-3.4033855
-2.5626878
-3.2135046
-1.9674971
-2.7780533
-2.8051156
-3.0933403
-3.2903376
-3.1779806
-3.1974912
-2.9593785
-2.5815713
-2.9338506
-2.9338506
-2.4281482
-3.0291873
-1.6858502
-3.6294547
-3.3839667
-2.4423461
-2.3645271
-1.7598117
-2.6590609
-1.7808407
-1.7949395
1.9126117
-2.8035724
-1.3696086
-1.805276
-3.0904649
-2.6203731
-3.5529149
-1.9322398
-3.6601674
-1.604925
-1.9044859
-2.4807374
-2.6861755
-2.324563
-3.8567985
-2.1704093
-3.2055847
-2.2180275
1.8764907
-2.2647449
-3.1015372
-2.618482
-2.5106115
-2.5106115
-3.6342025
-3.0738259
-2.6663994
-3.2264015
-2.0108958
-2.0486005
-2.0478322
-2.0652009
-2.5610513
-0.83376915
1.5239629
-1.8067697
-3.0021539
-2.1907977
-2.3145964
-2.2641184
-3.1474327
-1.2161437
-1.6448696
-1.5761626
-3.0308244
-2.5212938
-1.669612
-2.7983174
-2.7701955
-2.0138423
-2.3356944
-2.7995972
-1.2024054
-0.73862643
2.2448517
-1.5778221
-2.0601386
-2.6111194
-2.5289092
-3.1019291
2.249182
-2.6928618
-3.0558256
-3.1361256
-2.1704674
-1.6791149
-2.8947661
-2.6063011
-2.5947319
-2.4808687
-2.9058017
-2.3105431
-2.916272
-2.5308142
-1.9969391
-2.7700251
-2.6515241
-1.8202155
-1.7193079
-2.8340379
-2.1353189
-2.8131167
-2.992181
-2.438924
-3.6454614
-2.7641288
-2.609851
-3.3006223
-3.2199014
-2.7838663
1.8743053
-3.9370709
-3.5644934
-3.4500451
-2.0262867
-2.6240472
-1.2603966
-2.2531917
-3.1785167
-3.2227513
-3.9558074
-2.0934481
-2.2953248
-2.1830666
-2.975872
2.7112256
-2.1464954
-3.1492442
-3.1492442
-2.9153194
-2.6774037
-1.7855566
-1.7855566
-2.2069684
-2.4560151
-3.0390162
-2.4364312
-2.4364312
-2.1743351
-2.5946127
-2.7800798
-3.2657449
-2.897238
-2.2806464
-1.9861162
-2.899495
-1.4344048
-1.4344048
-2.3468633
-2.4484633
-2.9243004
-2.6039103
-2.308852
-1.8714311
-1.3018989
-2.6141232
-2.4679739
-1.9298258
-1.5682132
-2.6729158
-3.5475426
-2.6331516
-2.5733612
-1.7560796
-2.8371382
-2.8813728
-2.6819947
-2.7716454
-1.9362195
-1.9362195
-3.3143707
-3.0851566
-3.0851566
-1.9844493
-2.206507
-1.8420645
-1.7993696
-1.1061602
-2.1353264
-2.1015888
1.386728
-1.9057423
-3.0712444
-2.7323856
-2.0633495
-3.3848598
-1.9537932
-2.9824554
-2.4967903
-2.3908901
-1.8238537
-2.3095188
-2.494986
-1.910494
-0.9020986
-1.846886
-1.1114936
2.0421634
-1.1183458
-2.9096801
-2.7246211
-3.2578789
-2.2663274
-2.2151635
-2.3153111
-2.0326945
-1.9383897
-2.3489247
-1.8970896
-2.8898204
-2.3963669
1.5247823
-2.13601
-2.5028646
-2.3411334
-2.4733718
-2.4733718
-3.0515552
-1.952639
-2.6042607
-2.0565676
-3.4071013
-2.8541026
-2.868221
-2.6116038
-2.3371024
-1.1004116
-1.572274
-2.8537868
-2.5031711
-3.3343833
-2.1376778
-2.754455
-1.1799518
-1.0372995
-1.9331284
-3.0029779
-2.8914633
-1.1296762
-0.36783038
-2.1758368
-1.5762459
-2.3812389
-1.1891778
-0.20051612
-1.6895387
-0.59234833
-2.0919968
-2.0906718
-2.0906718
-1.8827907
-1.8827907
-1.6243453
-2.5375726
-2.6007994
-1.5594895
-1.5594895
-2.8295864
-2.2434298
-1.9262503
-1.9262503
-2.1037464
-2.0311203
-2.0311203
-2.0311203
-2.3267397
-2.3267397
-2.0645503
-2.0645503
-2.3281412
-2.2854463
-2.2094449
-2.360241
0.76315237
2.4414733
-3.3729549
-3.2387284
-1.7132871
-3.4557024
-3.049587
-2.1303907
-3.0731728
-3.0562101
-3.0562101
-2.7356619
-3.8516001
-3.1687831
-3.2408117
-1.9191962
-1.6992144
-1.4533612
2.1143152
-1.1854789
-1.2090748
-1.767853
-2.3494869
-2.5279768
-2.2474732
-1.8968399
-2.0587166
-1.5348694
-2.2485947
-1.7705503
-1.4908394
-1.049533
-2.7927777
-2.7108816
-2.7108816
-2.545899
-2.545899
-2.327029
-2.4507259
-2.4599796
-2.4599796
-2.1096213
-2.1096213
-2.0321976
-2.0321976
-2.899286
-1.8763089
-1.8763089
-3.0556112
-3.0556112
-2.1291319
-2.1291319
-2.7228404
-2.7228404
-1.4359028
-1.4359028
-2.7289423
-2.7560047
-2.3386012
-2.3386012
-1.6425733
-2.9175147
-2.7676648
-2.8912699
-2.3716914
-2.3716914
-1.6115418
-1.6115418
-2.6644121
-3.2287983
-2.8496681
-1.9714108
-2.4023179
-2.191951
-1.3573513
1.6403106
-2.8018376
-2.8018376
-3.2948717
-3.2948717
-3.1338414
-3.1338414
-2.375207
-2.7612607
-3.1993389
-3.5509015
-2.0540392
-2.0540392
-2.8499672
-3.3796496
-3.3796496
-2.8703464
-2.7723075
-1.2036122
-2.6103397
-2.3918486
-2.5426447
0.90345573
2.1259264
-2.5024801
-1.6514077
-3.2677326
-2.0989202
-2.3933093
-2.5627078
-2.4974039
-3.4601483
-1.8367044
-1.5638253
-2.7118199
-1.2316519
-2.5144114
-1.11415
2.0882394
-2.0228099
-2.283382
-2.9806119
-1.7140426
-2.2802038
-2.1974539
-1.6734437
-2.5484165
-2.9351022
-2.6692119
-1.9993296
-2.5128376
-2.9300834
-3.2547321
-2.9449226
-2.6537424
-1.4824618
-0.37613012
-2.3779624
-3.351914
-3.0122383
-3.0122383
-2.7500681
-2.9453088
-2.6278899
-1.561475
-1.5804259
-3.4855363
-2.7749645
2.3448471
-2.7551462
-3.6337876
-2.5594705
-3.0222624
-2.7947491
-2.7317895
-2.3553203
-2.7664873
-3.0071427
-2.774513
-1.6649798
-2.7947491
-2.6331208
-2.7638733
-2.7731814
-2.6444617
-2.3312317
-1.8761536
-2.5947319
-3.1246149
-2.7705077
-2.2941764
-2.0138881
-2.4995875
-2.6203731
-3.4033855
-3.041773
-1.9651919
-2.1480338
-2.3233271
-2.3720275
-2.4180846
-3.2294969
-2.6602476
-3.153712
-2.7612903
-2.6173986
-2.2791561
-2.0590403
-2.9562668
-2.5063061
-3.0101054
-3.1231708
-2.5998362
1.7220058
-3.1982241
-1.8333982
-1.9421069
-1.9331284
-2.6188034
-2.2283298
-1.6451413
-2.7572039
-2.6100074
-1.5934858
-0.99640417
-2.0358064
-1.0227933
-0.18076989
1.0401923
-2.0023388
-1.1592668
-2.4560151
-1.8488339
-1.8488339
-1.6347282
-2.8965617
-2.1198245
-2.1198245
-2.6396748
-2.7164249
-1.4629652
-2.2780623
-2.2780623
-1.3617859
-1.3617859
-1.9490522
-3.568537
-2.4360413
-1.7179408
-1.7955119
-2.7266623
-1.8932986
-2.3618543
-2.5424903
-1.9331284
-2.3391986
-2.1185264
-2.0473475
-1.1400274
-2.557602
-2.464737
-2.0355129
-2.5097365
2.0718637
-1.638307
-1.6307552
-2.6732384
-2.6732384
-3.0796798
-2.7488325
-2.7488325
-1.6487678
-1.6487678
-3.0255931
-2.6003148
-2.6003148
-1.6027606
-1.6027606
-2.9507166
-2.2954776
-2.7940236
-3.0345283
-2.982706
-3.0097684
-2.0125537
-2.0125537
-3.0409203
-3.4632542
-1.4365782
-1.4365782
-1.558447
-1.558447
-2.1164528
-2.5467314
-3.3509563
-2.481747
-2.481747
-3.256111
-3.2049471
-2.1398353
-2.4049549
-2.9777328
-3.2330787
-1.6444892
-3.2759521
-2.9378509
-2.0960351
2.0217155
-3.2779052
-2.7157603
-2.93923
-2.4734721
-2.5039292
-2.5039292
-2.7990134
-2.5944867
-2.4549487
-2.8710179
-2.8710179
-2.5478697
-2.9973292
-2.4405381
-2.8109567
-2.5878106
-2.150309
-2.2321617
-3.0924222
-0.703348
1.9068874
-2.1039577
-2.5034792
-3.7232426
-1.5209318
-2.869278
-4.0229135
-3.0236859
-3.0236859
-3.852515
-2.0635588
-2.1434135
-2.2493195
-3.5767536
-2.3650817
-2.1091477
-3.6007756
-1.2365595
-2.3730736
-2.8742756
-2.4951671
-2.5571926
-2.8032513
-3.2283611
-1.7493451
-4.1737992
-3.7738422
-2.8595393
-1.7377058
1.5237511
-3.053232
-1.8279761
-1.8279761
-2.7265539
-2.5974892
-3.1965967
-1.3617859
-1.3617859
-1.9220164
-1.7218048
-1.7218048
-2.4421227
-1.9983729
-2.2080346
-1.1507729
-1.9320856
-1.9320856
-1.8432478
-1.0410249
-3.0284863
-3.045855
-3.4122336
-0.85031701
0.79184207
-1.1261887
-2.6191592
-2.5658738
-2.5853844
-3.0195105
-3.6113326
-3.1571484
-3.9995015
-3.9021719
-3.0421818
-2.2858287
-3.8948805
-2.7956666
-2.6523828
-1.8600975
-1.8600975
-2.9627341
-2.1723956
-2.6247017
-1.0716671
-2.0290394
-2.3806532
-1.8519145
-2.1647079
-1.9136995
-1.8771842
-1.6962211
-1.4331655
-2.7442262
-3.5351697
-2.999375
-3.0018521
-2.1301871
-2.4054924
-2.7932487
-2.286188
-3.184604
-2.5641753
-2.7962713
-1.7990261
-2.5153758
-3.1182846
-2.824283
2.431656
-2.0064538
-1.998902
-2.6157272
-2.6157272
-1.4359028
-1.4359028
-2.9202305
-2.9202305
-1.4429022
-1.4429022
-2.944229
-2.944229
-1.8646287
-1.8646287
-2.2509999
-2.3797349
-2.8084608
-2.8355232
-2.8080427
-2.9198076
-2.8004173
-1.4979319
-1.4979319
-2.0759202
-1.5659156
-1.5178787
-1.3778542
-2.0044297
-2.1552258
1.2592494
2.9375703
-2.0217296
-2.5317846
-2.9361103
-2.9361103
-2.2465314
-2.9736642
-2.7250331
-1.3845214
-2.2913286
-3.0698847
-3.5374107
1.049626
-2.1391445
-1.0078151
-0.97311092
-0.97311092
-2.4851922
-2.4851922
-1.2635082
-1.2635082
-2.2310986
-1.4903255
-1.4903255
-3.5791134
-2.9814044
-2.9814044
-3.2168854
-2.2335866
-2.2335866
-3.6215596
-3.2573242
-3.1494802
-2.4911146
-2.0658186
-1.807383
-4.1339178
-2.261687
-2.0705733
-2.5304409
-1.4440654
-2.3884597
-0.35839746
-2.7846645
-2.7773504
-2.1624187
-2.229532
-1.8646287
-2.7995904
-3.5898194
-2.0111987
-2.1182165
-2.2057332
-2.670351
-2.2121269
-2.5040162
-2.5040162
-2.1723996
-2.2157198
-3.3543523
-3.0914139
-2.3829196
-1.4143814
2.0630892
-1.1481643
-2.1687266
-3.2309921
-2.1889375
-1.7057937
-2.2846818
-2.6431298
-3.370948
-2.3879823
-1.9967583
-2.1916234
-2.2142723
-2.3360923
2.1963988
-2.9210831
-2.8295864
-3.1480844
-2.6597972
-3.2178135
-3.2178135
-3.3274741
-2.8823385
-2.8823385
-1.6635596
-1.6635596
-2.6607262
-1.9854913
-1.9854913
-2.7864718
-2.8958066
-2.8958066
-1.7280811
-3.0546362
-3.0546362
-2.2480347
-2.320305
-2.7657848
-2.3469328
-2.9537079
-3.6221393
-1.6064764
-1.5637815
-1.6216341
-3.3366966
1.4264979
3.1048188
-2.9916694
-2.0038289
-2.2442665
-2.5608048
-2.0562826
-1.7842029
-1.6438298
-2.591094
-1.3589516
-2.7346452
-0.5897735
1.5232348
-3.0647655
-3.8022292
-2.7509109
-2.6712352
-2.2330696
-3.3958991
-3.6939743
-2.8728705
-1.6377071
-1.9576161
-1.6601083
1.5220805
-2.2108458
-2.7674592
-2.1650054
-1.6072966
-3.0860037
-2.5477682
-2.7008655
-2.1154119
-3.000727
-2.7332258
-2.6193626
-3.1266872
-2.1774883
-2.6355197
-2.3847693
-3.2213969
-2.1088026
2.1899001
-2.5897196
-2.1359753
-3.2468667
-2.6423582
-2.5157119
-2.60879
-1.3546687
-2.4239984
-2.0051464
-3.0710118
-2.2310713
-2.097568
-2.097568
-2.2551153
-1.9198899
-1.9635336
-2.3531899
-1.8088621
-1.8088621
-3.1096538
-1.8555994
-1.7990245
-2.192954
-2.0461173
-2.801731
-3.3467596
-2.5772982
-1.2473064
2.1019482
-2.4349401
-2.2434535
-1.9319486
-2.588879
-2.5617661
-1.8595249
-1.8595249
-3.6079238
-3.6079238
-3.021116
-3.021116
-3.204039
-1.5934788
-1.5934788
-3.0395577
-3.0891089
-2.2352575
-2.7148337
-2.1704674
-2.9367209
-3.8064285
-2.9644374
-3.0487218
-2.9018511
-3.0644455
-3.372852
-3.384387
-2.4183715
-2.4183715
-2.839228
-2.8235504
-2.8091095
1.0004868
2.6788077
-2.9943906
-2.9991871
-2.041832
-1.5978665
-2.9943906
-2.9991871
-1.719383
-1.7598311
-1.940894
-2.2022828
-2.9991871
-2.6876066
-3.6367821
-3.1010899
-2.9165716
-2.9991871
-2.041832
-1.9469358
-2.9991871
-2.9991871
-2.041832
-1.0678982
-2.8967614
-1.9045318
-2.3337354
-2.1983835
-2.5423475
-2.4728258
-2.7342147
-2.7177286
-1.9121506
-1.7509167
-2.1828552
-2.2162064
-3.7458033
-3.1390061
-2.1903472
-1.578026
-2.7963079
-2.7984934
-1.6475965
-2.742082
-2.76489
-3.5799871
-3.5899786
-3.1285839
-3.3237847
-3.5367117
-2.283388
-3.1268037
-2.6291592
-2.9228176
-2.5466819
-2.571673
-2.4697609
-1.5415146
1.5554448
-2.1604762
-2.1604762
-2.8928426
-1.6900956
-2.9272782
-2.3577459
-2.3612279
-1.4359028
-2.5755908
-2.6198254
-2.0549105
-2.5958861
-2.3515272
-2.0318237
-2.4388432
-2.1075172
-1.8882109
-2.239513
-2.5798742
-3.1245873
-1.2735171
-1.9291182
2.1774632
-2.7045988
-2.3880091
-2.2906795
-2.1489043
-2.8060893
-2.2040107
-2.2275141
-3.5486274
1.1164575
1.996341
-2.3679628
-2.5804734
-2.3475958
-3.5080808
-2.904414
-1.9411788
-1.8438492
-3.193152
-3.193152
-1.5497866
-1.4559278
-2.2246962
-2.1305805
-0.99504556
2.0631423
-1.9901459
-1.9901459
-2.3559431
-3.1592158
-1.9372851
-1.8921289
-3.1081994
-3.4156214
-2.8444354
-3.3931213
-2.5549659
-2.6120588
-3.3442644
-2.9832269
-3.0923467
-2.561699
-3.1859402
-3.4062367
-3.3000089
-2.5768164
-3.2721099
-3.1900564
-2.4038197
-2.1140376
-1.8371477
0.95283412
-2.6641506
-3.2160878
-3.2160878
-2.1934198
-1.8318072
-1.8318072
-1.073228
-0.73867787
-0.73867787
-2.1870884
-2.1675778
-1.9645658
-1.6029533
-2.2703028
-2.2403068
-2.3997274
-2.1422483
-2.5514637
-2.0616244
-3.197992
-3.197992
-3.3641804
-3.1404277
-2.9295371
-2.5680555
-2.1134044
-2.5218486
0.3938949
-0.40623989
2.4587331
-2.3405391
-2.3405391
-2.3405391
-2.1855165
-2.7895357
-1.5666993
-1.5666993
-2.8674529
-2.8674529
-3.1951049
-2.738149
-2.6408193
-1.820715
-1.4927486
-1.4927486
-2.8937528
-2.1991321
-2.5331259
0.76430665
2.4426276
-2.8125052
-3.311617
-2.9457156
-2.0862666
-3.5819089
-1.7258282
-2.9282377
-2.5337114
-3.0047617
-2.8119562
-2.3503844
-2.7340461
2.0535203
-1.9763549
-1.9763549
-1.535534
-1.535534
-2.5752213
-3.2293807
-2.0179321
-2.0179321
-3.143835
-1.0678982
-2.2004562
-2.2004562
-1.0159456
-1.0159456
-1.8585083
-2.5296406
-2.5080019
-1.3775581
-1.3775581
-2.6477926
-1.8585083
-3.3308037
-1.8897721
-1.8897721
-1.8298885
-1.8298885
-1.5374916
-1.5374916
-1.3156934
-2.7681719
-1.543953
-1.543953
-1.491888
-1.4723774
-3.5282738
-2.110925
-2.110925
-2.7687395
-2.5385114
-1.9060002
-2.7446654
-1.8736178
-1.8736178
-2.2371821
-2.2371821
-2.3623821
-2.4911171
-2.1076615
-3.6312906
-2.2795981
-2.2795981
-2.630453
-2.630453
-1.5102084
-1.1822421
-2.7675632
-1.889721
-1.7496965
-3.0374729
-3.188269
1.7042983
3.3826192
-2.8915179
-2.8915179
-2.8225047
-3.2475078
-2.8521906
-2.7486692
-2.3621002
-2.3621002
-3.0424985
-2.5139891
-2.3621002
-2.3816107
-1.7208389
-1.7132871
-2.7493057
-2.7493057
-2.705582
-2.705582
-2.705582
-2.705582
-2.7511939
-3.435221
-2.4318534
-2.4318534
-2.7483331
-3.0287297
-3.1106928
-3.1106928
-2.6417615
-2.9000405
-1.9051032
-2.1253753
-1.9853508
-2.9492307
-3.1000268
0.83213106
2.510452
-1.9944549
-2.0298833
-1.3716236
1.708832
-2.8897396
-3.0184746
-2.8786614
-2.8786614
-3.0726649
-3.0726649
-2.6861564
-2.6861564
-2.5122584
-3.2688145
-1.4383477
-1.5529713
-3.2264834
1.0003498
2.2228204
-3.0345283
-1.7511527
-1.7511527
-2.6935806
-2.9928176
-2.3107404
-1.9946025
-1.7634429
-3.3698247
-3.0753134
-2.0770552
-3.8127911
-2.9910865
-3.4784857
-3.3260224
-2.3354995
-2.540364
-3.3004725
-2.6696257
-2.0489295
-3.3123854
-2.7067037
-3.1140368
-1.8028314
-0.84242154
-0.97339927
-2.812068
-2.5169128
-2.9263484
-1.9973904
-2.2903496
-2.2342736
-2.8424812
-2.5947319
-2.5947319
-2.2331193
-3.0904649
-2.1668885
-2.7246211
-2.3618543
-2.7234668
-2.6096036
-2.3618543
-2.7234668
-2.688361
-2.3267484
-2.5466079
-2.318854
-2.517391
-2.3065745
-2.587435
2.0630892
-2.989935
-1.524587
-2.0905683
-2.3603946
-2.7038181
-2.2172501
-1.9710814
-2.4681325
-1.8243116
1.9637041
-3.2406877
-2.7627911
-3.0433452
-2.4888922
-3.4812332
-2.8393536
-2.465716
-2.4467171
-2.1345718
-2.9606189
-2.3574516
-2.1840748
-1.0477701
-3.1808328
-3.0483307
-3.0936399
-2.7139921
-3.6055159
-2.825221
-2.2029789
-2.932946
-3.0468092
-2.8169958
-3.1451089
-2.8626807
-1.9475927
-2.5711788
0.28880293
-2.3259084
-1.1905128
-3.3013891
-2.9740995
-2.0187964
-1.8704671
-1.7968416
-2.2262413
-1.9713747
-2.9562384
-2.4886941
-2.3929591
-3.1579124
-3.0274043
-0.97311092
-2.3543025
-2.1992753
-2.3131385
-2.5913024
-2.1635177
-2.1909857
-2.5872184
-2.595711
-2.4688019
-3.1596126
0.93900918
-2.5074964
-2.4028527
-2.3730736
-2.8125052
-2.8745742
-2.6895153
-2.6861755
-2.9039289
-2.7191669
-2.2329503
-2.9305937
-3.1964698
-3.2659836
1.8367042
-2.6837702
-2.6222341
-2.0755626
-2.6706821
-2.1909893
-2.1904529
-2.1865839
-2.9849505
-2.8524715
-2.490859
-3.9132233
-2.8389062
-2.3210464
-3.6845003
-2.7689172
-2.3802809
-2.6951436
-2.8024011
-2.9681886
-2.4278114
-2.1693828
1.4794141
-2.7876317
-2.0926705
-3.7116432
-2.2903215
-2.2903215
-1.8012775
-1.8012775
-2.4732617
-2.6169789
-3.3505453
-2.979961
-2.979961
-2.4521059
-2.4521059
-2.0610419
-2.0610419
-2.8774011
-3.3026845
-2.9405936
-2.0611212
-3.1520009
-2.3674487
-2.3674487
-2.1842503
-2.1842503
-3.2086482
-2.909932
-2.909932
-3.6941377
-3.3118022
-3.3118022
-2.1748978
-2.1595434
-1.8558902
-0.78841501
1.4638228
-2.4976225
-1.6897719
-1.6897719
-2.5343904
-2.0578693
-3.0970583
-2.0774844
-2.0774844
-2.6798609
-1.8221888
-2.1367049
-3.0253409
-0.88115862
-0.99286359
-2.4772348
1.1212724
2.7995933
