2.3579168
-2.6529343
-3.045719
-1.3253041
2.6405211
-0.7437427
-1.4250351
-2.0768689
-1.8078297
-2.6055985
-2.5291664
-2.8641036
-2.6751836
1.866182
2.2204459
-2.9503072
-3.7538756
1.1452959
-1.5550178
-3.2998826
-2.4838706
-2.5957712
-3.0903672
1.470778
-2.9148765
-2.5094259
3.5088636
-2.6151248
-2.5586547
1.0511233
-1.5898975
-2.380165
-2.4649691
-1.641486
0.68323472
-3.6318627
-3.8519839
-4.3417003
-3.5224921
-3.9021067
-3.9875898
-5.8844646
1.539448
2.3117952
-3.3382
1.8018387
-2.8313679
-2.6249129
-2.9942049
-3.0495242
-3.0468884
-3.191797
-3.8349259
-3.8074697
-5.6551855
-5.7463134
-6.9782079
0.99492563
-1.0686334
-1.2929338
-0.7221596
1.070354
-2.0440625
-2.5585337
-2.0063772
-2.9394189
-3.2328301
-2.9533853
-3.2470157
-2.7974803
-3.7736125
-7.460856
1.6417958
-2.6616457
-1.8177754
-1.9886445
-2.1143718
-6.0724729
-2.8233261
2.0332303
-4.2156422
-3.6688209
-3.6154657
-3.1463946
-3.2354499
-4.2255129
-4.3908028
-3.6364673
-4.536921
-4.8374576
-7.8338647
-11.36694
2.1452548
-4.0740249
-3.5685851
-3.8375953
-4.9585017
-4.5451544
1.0124156
-2.2120588
1.3480295
-3.4145409
2.6072031
-3.4289844
-3.6794745
-3.4508532
-4.2202622
-3.5458363
-4.8704681
-17.387602
2.2103554
-3.9666516
-3.323975
-3.0924727
-4.5209935
-3.3720461
-4.1422853
-4.4135403
-3.5988251
-7.4330755
1.609757
-3.9409648
-3.4247093
-3.5786971
-3.8133837
1.801608
-2.7281102
-2.6788464
-3.6411624
-3.2195592
-3.6923222
-3.9347173
-2.3128358
-2.8483149
-2.3101839
-2.9519741
-2.3731495
-3.519013
-3.6262499
-3.6495233
-3.8773434
-3.7791627
-3.9594233
-4.1873818
-3.3731191
-4.1759751
-4.6376116
-4.1377294
0.51514696
-2.1657795
-2.6920998
-2.6016074
-2.5767483
-1.4769105
-2.8016363
-3.2431568
-2.7199278
-4.4289422
-3.1685497
-4.2446133
-4.3570335
-3.4255562
-4.6522567
2.3284206
-4.6996602
-4.1304187
-4.543995
-3.9572019
-3.8402788
-4.3847211
-6.3351807
-8.259612
-10.525204
1.3166304
-1.0129943
-2.8205782
-2.0562877
-2.5158511
-2.7494203
-2.9434081
-2.5037821
-3.5818762
-2.4238589
-3.08443
-3.5691114
-3.7199846
-3.2183883
-3.5730341
-3.4820792
-3.5102125
-2.9783817
-3.9397275
-3.6102221
-3.1522099
-3.9026625
-3.5444633
-3.8401359
-3.7705273
-3.9357228
-4.0707582
-4.0695631
-3.9762831
-3.9022174
-3.9841822
-4.3771309
-4.7135543
-4.7184678
-6.5692352
-12.983398
2.3823739
-2.1546967
-2.6806083
-2.2980226
-2.6232922
-3.3243802
-3.6634442
-4.1255966
-3.4465549
-2.5754819
-3.6406573
-3.5942114
-3.2539668
-3.4545359
-3.4569517
-3.4619308
-3.4642619
-3.8625759
-3.6815753
-3.1305261
-3.5820981
-2.6708741
-3.387548
-3.2156792
-3.2828384
-3.7728893
-3.3663253
-3.3307844
-3.4082688
-3.8652473
-1.9897203
-3.3445807
-3.4132809
-3.5826838
-2.8395091
-3.3395733
-3.9519011
-2.5172902
-2.9999244
-3.1660008
-3.295123
-3.1340122
-3.1292893
-3.7590547
-4.8130816
-11.207996
1.8435949
0.82331551
-3.1218777
-4.3829962
-2.8543419
-4.0134055
-2.992334
-1.1447724
-2.44783
0.76249751
-3.6121926
-3.8881897
-3.5304665
-3.7544767
-3.451667
-3.4308984
-3.7039621
-3.201091
-3.7640152
-4.0216719
-4.0164911
-4.3708983
-3.8795957
-3.793858
-4.471675
-4.2576915
-4.0276943
-4.4968599
-4.9971157
-4.490516
-4.5031217
-4.669298
-5.0342123
-5.0476363
-4.510276
-4.5753135
-4.1743462
-4.5284573
-4.8022649
-4.9384661
-5.1890171
-5.0063577
-6.0974346
-6.5306756
-7.0388536
-7.9462334
-7.9557244
-8.7955225
-9.8387176
-11.112161
-12.937627
-15.304438
2.3676486
-4.4419525
-3.6990237
-3.7602055
-3.6599067
-3.2524394
-4.0450751
-4.2707447
-11.763157
2.2150236
-3.0702862
-3.1734691
-3.2186766
-3.7077237
-3.8805577
-4.6237943
1.2736981
-2.8632126
-3.7388093
-4.5737994
-6.190771
-6.4010803
1.0008619
-3.7066189
-3.9821902
-3.7856475
-3.7541069
-2.8580466
-4.5407778
-4.7852205
-3.0728197
-3.4441755
-4.1736793
-4.0477574
-3.3304017
-3.9510749
-3.8415372
-4.4038335
-4.6054764
-4.2984162
1.7654438
-1.6614532
-2.7144196
-3.1143071
-1.6902462
1.3124141
-2.4544738
-1.7782697
-2.3554335
-2.3512064
-2.7128858
-2.4099252
-1.8141101
-2.7355738
-2.3027367
-1.6487872
-2.8873756
-1.6117951
-3.1702026
1.3313
-3.8082906
-4.0713465
1.0739502
-3.6991781
-2.7014115
-2.6837944
-2.7282419
-2.4975989
-4.5369724
0.29586657
-3.0869241
-2.374456
-3.0347492
-3.7867597
-2.3522835
-3.7293798
-2.9696134
-3.5593003
-3.5873089
-3.6124541
-3.8620345
-3.6963792
-3.6620457
-3.686593
-4.1108717
-3.5042173
-3.8618371
-3.6573388
-4.4089383
-4.2933742
-3.9822812
-4.2267574
-8.5546927
1.8341044
-1.4774784
-2.3927662
-2.1434801
-3.2620514
2.2274426
-3.5955906
-2.6218758
-3.5027966
-3.3624349
-3.4801953
-3.1833472
-3.4661501
-3.526579
-3.3610981
-3.1158429
-3.2569541
-3.868955
-3.8600698
-4.0867878
-3.9253874
-4.8580162
-5.480959
-6.1064542
1.8439025
-3.7140344
-0.2322788
0.40235956
-3.2663847
-3.5686417
-3.9116282
-4.1332706
-4.3628359
-3.725787
-8.5010774
-8.557008
0.91036435
-3.8951266
-6.147108
-8.8065539
-16.719515
-1.5145987
0.95007777
1.6702342
-3.1510591
-3.4934631
-2.7031178
3.2670837
-3.6454412
-3.3041803
-3.1186864
-3.7971172
-1.1504947
1.9597446
-2.1435124
-2.1953299
-2.4580097
-2.5180272
1.6814152
-4.2040889
-3.0745244
-3.4566416
-6.6836337
1.4420273
-0.84533025
-1.012815
-1.7114583
1.4783212
-3.6717138
-3.2098472
-3.684594
-3.6940679
-2.196431
-1.3423126
1.3313075
-2.4884508
-2.4452589
-2.2415452
-2.1045726
1.2007009
-3.4604574
-3.2023978
-2.5890462
-3.0505431
-2.5387579
-0.38744566
-2.6284909
-2.6333314
-2.523547
-2.7762015
-2.589084
1.3421913
1.0878132
2.5140729
0.32245245
-2.2366695
-2.0460713
-1.0874347
-1.7111454
-1.7873268
-1.8886718
-2.6620847
-2.6477234
-2.7284766
-2.2620318
-2.8271649
-3.3048648
-2.5930781
-2.6753323
-2.7565378
-3.1515655
-3.066185
-3.0368362
-2.9553709
-4.112055
-5.3311988
1.3383166
-3.3624825
-3.0110694
-2.5708473
0.549349
-3.0955282
-2.8322505
-2.7193327
-2.6382791
-2.7968521
-1.3531022
-3.2063576
-3.7152663
-8.7274912
2.3757753
-2.9928337
-3.2930088
-4.0518622
-4.0907109
-3.9189661
1.1366106
-0.63608931
-2.736251
-2.5270832
-2.420661
-2.518087
1.6877324
-2.2532981
-2.1978847
-2.7121793
-2.8985167
-3.0961734
-4.2579572
-4.440219
-4.2816755
-4.844157
0.30918262
-1.652981
-2.5028147
1.627765
-3.481064
-3.7608585
-4.2810742
1.6046629
-5.2080367
-3.7267307
-3.83842
-4.7456021
-4.8569536
1.4783271
-2.9672922
-3.0513358
-3.0701619
-3.6079462
-3.4410194
-2.8562998
-3.0632808
-3.134896
-4.8707003
2.118732
-3.5993515
-3.3124063
-3.7959263
-3.6858595
-3.5237813
-4.4610665
1.7433021
-2.9059817
-1.865484
-2.23304
2.9419185
-0.38796931
-1.1609053
-0.73995848
-0.4087068
-1.9742922
0.35729523
-1.3316943
-1.6170672
-1.6564059
-2.1747833
-1.1657437
-0.87935876
-0.66861516
-0.81107934
-2.2608644
-2.3423856
-1.9389562
-5.1439083
-5.7863024
0.90116043
-1.7944755
-2.41136
-2.3325413
-0.080769177
-2.8422092
-2.9012891
-3.0726077
-5.520818
-17.773953
-2.8747521
-3.2633534
-3.3325792
-3.4369245
-3.3398705
-3.4012549
-1.9653693
-0.9891058
-1.206689
-3.3391169
-3.4453986
-3.6590139
-3.1132557
-3.2116467
-3.3527686
-3.7994631
-3.2478314
-3.5771543
-3.0938737
-3.5527773
-3.5799417
-3.6026511
-3.6392698
-3.6210571
-3.6230347
-3.6285073
-3.6326166
-3.6379253
-3.6524331
-3.6664173
-3.6967783
-3.7272532
-3.7493688
-4.1602513
-3.598177
-3.3725423
-4.6294833
-3.7710456
-3.9438122
-4.0895286
-4.3385279
-4.4499053
-6.5945917
-6.7564119
-9.2078695
-10.494651
-13.940717
-1.3132802
0.54491275
-2.5245915
-2.7793082
1.02576
-3.2431461
1.6358843
1.6882745
-3.2046786
-2.4418326
-2.8320089
-3.7429663
-1.5846924
-2.2242908
-4.8759028
2.0534325
-3.4377646
-3.5270387
-4.4893123
-4.5740477
-4.1046593
-3.822317
-4.9099791
-4.1071467
-6.8596609
-0.4728426
1.0752628
-4.0026248
2.0645362
-2.1841774
-2.478297
-2.9616559
-2.5557395
-2.4129719
-2.681091
-1.8623514
0.45275894
1.4918046
-2.0368267
-2.9171139
-2.9994648
-2.8207017
-2.7227646
-3.2821165
-2.9948202
-2.9495114
-3.094638
-3.1022278
-2.8152904
-2.9699473
-2.8171618
-2.8517044
-2.7638128
-2.7735915
-1.9931514
-5.8391413
-7.1368328
0.40848012
0.0062197378
-1.2494661
-2.0595442
-2.3909456
-1.9991238
-2.1927707
-1.5671284
-3.2451971
-2.5537316
-2.930551
-2.6270998
-3.2138442
-3.0869074
-3.2295607
-1.2716645
0.12816936
0.89548534
-1.7829345
-2.9715251
0.76309648
-3.6773222
-3.2107011
-2.063618
-3.927242
-3.9955073
-4.2349462
-4.2089006
-4.4315916
-4.6441526
1.8454482
-6.3379526
0.75988982
-1.5213127
1.5301575
-3.1798496
-3.9370946
-4.1730293
-4.1802392
-2.9447419
-4.1532223
-4.351018
-4.5962909
-4.377196
-4.4672011
-4.4706724
-4.476521
-4.4572377
-4.5006165
-3.4630248
-4.0649413
-4.2698541
-4.0689782
-4.1046446
-4.7317058
-12.39044
-13.858641
1.5501551
-3.2127894
-2.6552639
-2.9051524
1.4413354
-1.3336299
-2.2770424
0.6890957
-2.5041359
-4.8160629
2.2472083
1.6810644
0.60882762
-2.5398527
-11.27392
0.70966614
-2.9468859
-2.96558
-2.5283524
-2.6853211
-3.3262909
-3.1549763
-3.3732512
-7.7403484
-9.3436977
-1.8206804
-0.063412203
-2.298005
-2.2992309
-3.1019233
-3.1274819
-3.9336121
-3.0775909
-3.4157736
-2.9284052
-3.350614
-3.3598988
-3.0661109
-3.1017396
-3.5912388
-2.2113262
-3.6433376
-4.1333925
-5.8013643
-10.527138
0.41018683
-2.0020587
-1.3596965
-0.51044513
-2.3087699
-2.1090241
2.471971
-3.5626596
-5.1367199
2.7262587
-3.8339336
-5.1700603
1.9548898
-2.9501411
-2.3163802
-2.1726577
-3.47616
-2.7612114
-12.572645
-17.852972
1.7785893
-2.8158513
-2.9024791
-2.2518852
-3.1485544
-3.6837321
-3.0494953
-3.7636707
-4.3488126
-3.4575814
-4.4305476
-4.7200495
-5.9378824
-5.779283
-11.785308
-13.693292
-15.842223
2.0164842
1.6274397
2.1864488
-2.5409205
-2.6537069
-3.1241455
1.9849772
0.66360142
1.3016386
0.11361246
-1.2239827
1.9490161
-3.2564303
-3.7849046
-3.6723318
-3.7825875
-3.9214527
-4.4694457
-3.4747135
-3.6021004
-2.7968116
-4.0718442
-4.9825377
-4.727636
-4.4349487
-4.6137819
-4.6756513
-4.49847
-6.1404235
-6.0731811
-7.6169522
-8.8859973
-16.154801
1.9646587
-3.2015793
-4.3832468
0.11057073
-2.7608812
-3.5926391
-4.0417212
1.8549539
1.4556825
-2.6794926
1.284918
-2.4299158
-3.3907175
-2.8428298
-3.2096288
-4.0660004
-4.3248573
1.7005326
-1.5083523
-3.9491579
-4.5319917
-4.4205783
-7.15819
1.3600797
-2.0338848
-2.6393182
-2.9503338
-6.5086124
-1.9808977
-0.45796854
-0.10022778
-2.2634094
-3.5920346
-4.1897624
2.2105861
-1.2251779
1.3132366
-4.5795053
-1.5010903
2.2228636
-2.8653802
-2.4855038
-2.5125546
-4.3514684
-2.3801812
-2.9154555
-3.3575658
-3.3428074
-3.2115539
-3.4032764
-22.175194
1.8082527
-2.8181952
-2.0394992
-2.2793252
-2.634912
-2.6603021
-2.8327354
-2.9172397
-3.0945025
-2.6127837
-2.8016314
-2.894557
-3.2804743
-2.7846643
-3.0094597
-3.011103
-3.6011188
-2.4368523
-2.8295358
-2.988188
-3.5305932
-3.3311382
-3.0184204
-2.6212704
-2.9419146
-2.6776388
-3.0693609
-3.35989
-3.2645113
-3.386273
-3.6620399
-3.5352833
-3.6287698
-3.6131363
-2.9268659
-3.3037505
-3.799249
-3.1976764
-3.4098565
-3.7709282
1.9704497
-0.85738684
-2.7137807
-2.4240246
-3.7698948
-3.4865916
-3.8016109
-3.3766892
-3.4741771
-3.8207407
-3.821973
-3.4532175
-4.2435143
-3.7472527
-3.8741969
-4.2442745
-4.1725971
-4.216341
-4.3978863
-7.5897948
1.750456
-3.3918694
-2.7181229
-2.8954027
-1.3794719
-0.22994093
-3.5185872
2.4135959
1.6436213
-2.6192641
-2.0119522
-2.3730909
-2.5977981
2.8593223
-1.4338329
-2.3454273
-1.3849617
-2.0181637
-2.2310203
-2.3273666
-1.8105008
2.1875226
-2.9950914
-1.999355
-3.8608237
-3.0989917
-2.7315044
-2.9118773
-4.5468112
1.5138055
-2.4064503
0.10002027
0.42697887
-1.6752518
-1.993415
-1.8007109
-1.5354511
-1.5354654
-2.3489304
-2.327925
-2.0154886
-2.1522444
-1.8625155
-2.2347821
-2.300443
-1.9258852
-2.63372
-2.5016527
-1.6556659
-2.7954218
-2.9516402
-3.1552142
-2.8345375
-2.185463
-3.1278509
-2.9514896
-3.2299299
-1.5598024
-1.9770948
-3.2620202
-3.4888648
-4.783336
-4.5205853
-4.1346241
-3.6854928
-6.520272
-6.1277326
-7.448275
-9.603746
-59.836641
-241.628
0.28737616
-0.88781143
1.4205021
-3.7441753
-3.8048972
-3.2857083
-3.9273845
-3.2016373
-7.908652
-30.304869
1.8106512
3.0596077
-2.3161171
-3.205719
-3.9623404
1.9334867
-3.6140701
2.2410481
-3.2982586
1.8025724
-1.6999269
-2.5591188
-2.7729234
-2.9531446
-3.9042765
-3.7531411
-6.3345886
2.5846772
-3.4849916
-2.2209217
-3.5880145
1.9302203
-1.4621673
-0.52255942
-2.0598158
-4.750854
-4.5755585
-4.3984187
-2.6674229
-4.7498576
-4.4778427
2.1506436
-3.8545192
0.84367072
-3.7111257
-4.0600875
-3.7213446
-3.7081615
-3.9360608
-1.9626107
1.5764329
-2.4754969
-3.0181686
-3.4016817
-2.1490236
-2.4558544
-7.5055974
-7.2561151
-8.751918
2.539149
-3.7902865
-2.5962724
-2.9027488
-3.7603897
1.7153261
-2.0469076
-3.1760124
-3.096642
-3.5411947
-0.49594961
-3.3074249
-5.2833472
-7.1537041
1.314076
-3.0495814
1.7702521
-3.1886485
-4.0105845
-3.5256397
-4.0872763
-4.2792605
-3.6243232
-3.757057
-4.598265
-14.203731
-14.155725
-1.2248817
-2.6336685
0.44579865
-2.0134503
-1.5756717
-1.2780385
-3.4662208
-3.3123974
-2.3350223
-2.165099
1.8645473
-4.7155904
-4.7746729
-4.7580722
1.8739417
-4.6532183
-3.9856399
3.4020587
2.6430734
1.8395601
-2.0056705
-2.3349098
-3.3437081
-3.3208825
-2.4769473
-1.2193649
-2.9960061
-3.1332942
-2.836172
-3.3572144
-3.7402952
1.861174
-2.2173928
-2.2705018
-2.5049298
-6.6413871
2.8556744
-3.4209054
-3.6766234
-3.5663109
-2.8622635
-3.4617605
-4.3294516
0.27843755
-1.3687486
1.7049856
-1.7144356
-0.68087484
-1.5501097
-1.8543543
-1.6981401
-2.5400765
-2.5352533
1.7491782
-1.623797
-1.7009783
-2.0213649
-1.8818426
-2.9198957
-3.3981786
-3.6503168
-2.3612375
-2.9791292
-3.4689239
-3.9247195
1.4155953
-3.3387988
-2.3273435
-3.000965
0.99661059
-2.8450443
-4.1283535
-3.6046927
-3.9643826
-2.7450828
-3.9775878
-3.5937565
-3.7150232
-3.5143961
-3.697975
-4.2370924
-4.2818015
-4.0192855
-4.2614857
-4.2713911
-4.3969747
-5.0359532
-4.1836339
-4.4095865
-3.95808
-4.4417142
-4.4586329
-3.9519712
-4.288452
-5.6235767
-5.5105609
-5.138256
-5.6564945
-5.5320667
-5.7583744
-12.008057
-13.922756
1.3558813
-2.6179644
-2.9105215
-4.0823365
-3.4252233
-5.6435039
-4.7131671
1.9944466
-2.8817464
-2.379174
-3.1307593
-3.1396488
-2.7605797
-3.3394284
-3.1606629
-2.6621628
-3.2589183
-3.5451556
-19.096339
1.5745526
-3.3603484
-2.6270529
-4.91379
-4.6739661
-4.0165165
-3.8360946
-4.7799352
-4.959075
-3.6577716
-4.8513337
-3.6091565
-3.8564459
-4.146062
-4.7351824
-4.6807332
-3.6970858
-4.4034874
-4.534887
-4.5980496
-3.9319677
-4.8701818
-4.8852395
-3.8434625
-4.7661431
-4.4471627
-4.8511942
-4.7315394
-5.1588361
-4.970406
-5.3943062
-5.3752272
-3.7362999
-4.2697968
-4.5414237
-4.5147906
-4.6700109
-4.5208952
-4.5182064
-6.2220873
2.4892296
-1.7518959
-1.8490533
-2.3533944
-2.5399874
-2.5173134
-2.4994232
-3.7684951
-2.3440324
-6.3167406
2.4838517
1.1176529
-1.9316917
-1.7737322
-2.5199119
-2.6200149
-2.4282223
-0.88880778
-2.9516175
-2.6242508
-2.4795343
-2.7804792
-2.4399367
-2.7508366
-2.7551316
-2.7770318
-2.8698973
-2.725991
-2.7816191
-2.8661901
-2.8410733
-1.8309144
-2.4843492
-3.3606948
-3.5340842
-6.8930667
2.3585438
-2.2266637
-2.1407162
-2.9111185
-3.028967
-3.3323318
-3.1000647
2.1992818
-3.052452
-1.1879805
1.8610977
-0.5828649
1.0073866
-4.1122713
-3.6290698
-3.9907351
-3.5523796
-4.119893
-3.5433545
0.40749979
-3.4918728
-4.5220264
1.8718461
-3.3787753
-2.3084108
-1.1756864
21.861363
-2.2313769
-2.5726114
-2.7614341
-3.5781104
-3.9916215
-5.3765532
-10.62362
2.625677
-4.3522701
1.3340987
-3.3756731
-2.7857415
-2.9395822
-3.0596528
-3.5721047
-4.0139854
-3.6592583
-3.40396
-4.1822929
-3.911663
-3.4043011
-3.7832849
-3.9351752
-4.1440309
-4.0226882
-4.7294968
2.5005394
-3.1196609
-3.7004686
-2.8910403
-3.2331827
-3.5322939
-3.930411
-4.7062763
0.94610194
-20.664246
-2.4671011
-1.6987882
-3.2352934
-2.4392582
-3.5876685
-3.3293276
-3.3031545
-3.9582513
-1.8707622
1.239642
-3.3471251
-3.6892853
-3.3807698
-3.3743479
-1.3844739
0.67344762
-2.9773221
-2.2857106
-3.7529534
-4.0230353
-4.1198208
-5.0582817
1.7321853
-13.891206
2.7346186
-3.3125137
-4.2723631
-1.1292875
-2.160985
-3.7646137
1.7214109
-4.0235419
-4.2218864
-10.062056
1.5509468
-3.4660994
-3.0876988
-3.4799114
-3.5856682
-3.7204881
-3.9013134
-4.5616292
-4.546995
-4.0542898
-4.8866354
-4.5562408
-4.2911914
-3.7144941
-4.2483353
-5.5026019
-6.7149366
2.848733
-4.0147923
-3.5556755
-3.9588249
-7.8518361
-2.0360115
-0.21956317
-3.6902614
-2.3171789
-4.1148185
-3.3396065
-3.5001503
-4.3431232
-4.0688263
-3.9826342
-4.666402
-4.1508516
-9.6728988
-10.310858
-13.049594
1.2228405
-2.3853873
-2.2288304
-1.1901442
-1.7106463
-3.0334766
-3.0506697
-5.630218
-6.3947343
-0.94373273
-2.2173159
2.6198688
-2.059595
-1.1102607
-1.8826413
-2.078603
-2.1133988
-2.9162096
-4.146032
1.3160974
-3.9129775
2.0253207
-3.3656125
-2.1782383
0.96097562
-2.9796248
-2.6637187
-2.8108593
-3.0944017
-3.5122049
-3.4445889
-2.5924609
-3.7432435
-3.1648246
-3.5335531
-2.910151
-2.4370506
-2.975257
-4.0602129
-3.5490805
-3.3747529
-3.5366822
-4.2286793
-4.2936535
-3.9973085
-3.8878647
-10.008518
-22.359835
1.196477
0.98164303
-2.8306782
-3.2585119
0.1699417
-2.7206491
-3.394463
1.0398645
-1.4283767
-3.2908296
-4.4030403
2.0566274
-1.6771706
-0.42774663
0.83438552
-0.77655896
-1.2670034
-1.8387706
-1.225446
-2.6838838
-2.2685773
-2.70837
-2.0970542
-2.7139267
-2.4071809
-2.1365475
-2.0022995
-1.9599653
-2.2995988
-3.0540983
-3.9803596
-8.4847001
-16.099311
-0.70397917
-3.3107982
-3.8917648
-4.4694396
-5.1257535
-2.3582281
-19.899204
0.88524747
-3.33464
-3.3962259
-2.2944858
-3.2930043
-3.0218936
-2.8755116
-4.7248026
-3.6217876
-3.909811
-3.8271336
-3.8314306
2.5275404
-2.7632872
-2.9185215
-3.4086656
-3.1575781
-2.7661022
-3.1404634
-3.9001607
-3.5079452
-3.7167148
-3.5945007
-4.1223608
-3.9267867
-3.9347994
-4.0526733
-4.0622315
-4.0769431
-4.0141511
-3.8789011
-4.0824974
-4.2317995
-4.2850191
-4.1302138
-4.145267
-3.8943817
-3.8746248
-4.3693146
-4.2030186
-3.8846864
1.5591903
-3.5940141
-3.2887649
-4.1404055
-3.2184651
-3.2381438
-3.7944748
-5.5793305
-4.2011807
-11.575217
-16.801743
1.091419
-1.098812
-2.679289
-2.2546442
-2.1595396
-2.9430132
-2.1098842
-3.1563278
-3.0977034
2.6030674
-3.6427254
-3.440102
-4.1145941
2.3569199
-0.53163379
2.4003964
-3.0776182
-8.0486595
-14.354374
1.4321336
-2.0918022
-3.0561047
0.33166308
-2.6593661
-3.459532
-3.1857395
-2.9865938
-2.9121036
-3.643661
-2.7433405
-3.5720091
-3.9105433
2.8621795
-3.0920828
-2.7460263
-2.8830357
-2.6375825
-3.873924
-4.7519295
-5.0142065
-4.3116682
-6.3344501
1.8812928
-4.1704109
2.2060758
-2.9948329
-3.0530018
0.38722435
-1.1572685
-1.9035662
-0.26741113
-3.9395954
-3.548901
-3.4972968
-3.5814454
-2.5100079
-4.2428709
-4.7746426
-4.3823907
-4.7997393
-4.7488079
-7.4120238
1.2356931
-1.6949896
-1.906833
-2.1592282
-1.9655368
-1.6830728
-1.8392737
-1.8472894
-2.4171328
-1.9178602
-2.3602099
-3.0759507
-2.3427581
-3.3917632
-0.78789523
-1.2980198
0.36480144
-1.3342047
-3.9129458
2.2807088
-0.88510319
-2.8216682
1.3753788
-3.1179119
-2.9672114
-3.3069844
-3.3883994
-5.099416
0.74132457
-1.1579732
2.2908162
1.2975095
-3.3772902
-4.5929187
3.7329099
-4.6200351
-3.9620988
-4.3215251
-4.5756739
-5.1175695
-5.1230284
-13.907626
-19.066726
1.1843181
-2.924966
-2.8807471
-2.7374208
-3.6817885
-3.8187616
-3.8442251
-3.2672859
-2.8821483
-3.4864058
-3.7023552
-4.2643383
-3.3594828
-4.1262117
-3.6341444
-4.0866097
-4.1167144
-4.1779335
-4.2943991
-5.3178808
-7.2511955
-9.0910225
-9.2044384
-17.573969
-1.2009696
-1.8485697
-0.38900969
-2.546254
-2.2498021
-2.6889265
-2.3399856
-2.2855489
-2.5242881
-2.3222124
-2.5210611
-2.6031295
2.2166354
-1.0318189
-2.0904766
1.3071912
-2.1516803
-2.249881
-2.3015319
-2.3394771
-2.5708823
-2.8614957
-2.1257456
-2.4522455
-2.8548143
-2.5989341
-2.2640328
-1.8251554
-2.3567632
-2.7635315
-3.1603942
-3.1623022
-2.9191895
-3.2826396
-3.4096348
-2.8116807
-3.2704517
-2.2489138
-2.7257227
-2.7148024
-1.7746802
-2.8231293
-3.1147842
-2.7045071
-2.9537735
-2.8551766
-2.201766
-2.4637972
-2.8621715
-2.4945679
-2.4168347
-2.6443876
-2.6174503
-3.0424502
-3.283904
-2.679041
-3.2581984
-2.7953091
-2.4387414
-1.5836357
-2.7862366
-2.6468762
-2.7284661
-2.6352519
-2.7550006
-2.5689879
-1.5977507
-1.8421588
-2.1693729
-3.2534064
-3.1197487
-3.8436368
-6.0502987
-6.3222486
-6.5665927
-6.9226894
-7.3277762
-7.7194071
-7.9493897
-12.859214
-34.704256
-3.2136579
-3.1657092
1.36217
-3.5938157
-3.6031282
-2.914282
-3.0200384
-2.1917699
-3.3528767
2.4630013
2.035724
-3.4530029
-4.3993124
-4.5999911
1.9110258
-3.9269357
-3.5273282
-3.7843521
-3.3496781
-2.4903418
-3.8291801
-4.1446759
-4.1566122
-4.256091
-3.4376727
-3.9710272
-3.5204204
-3.5177329
-4.0162717
-4.3115318
-5.8221051
-5.222147
1.4392159
-1.7531275
-2.9754349
-3.0190988
-2.8049996
-3.9747376
-2.395724
-2.8852161
-3.0108669
-3.4088909
-4.2149898
-3.6647066
3.1447898
-3.5248813
-3.7077864
-1.8450789
-3.8225864
-4.4897688
-3.6913819
-5.0859659
-5.9180869
-8.7720631
2.3020223
-2.1012971
-2.2217374
-2.9742183
-3.1720546
-3.4291874
-3.1916489
-3.0442166
-2.8365753
-3.1086324
-2.6350498
-3.7803146
-3.764722
-5.3299861
1.1059654
-0.58543684
-0.37417837
-4.1850765
-3.4133285
-3.4314127
-3.9321164
-3.5425981
-3.1697772
-3.3025961
-4.3795752
-5.4931226
-4.3046002
-8.5505314
1.5764151
-3.4702126
-2.9435231
-0.98961933
-3.3548401
-3.6737831
-2.2302849
3.1232664
2.2684322
-3.129535
-5.2728559
-5.453713
0.59443553
-4.2946633
-3.6064544
-3.3952174
2.255802
-0.79598081
-3.560973
-0.42821069
-1.777268
-1.0371212
-3.5416083
-6.8693442
1.7772406
-3.6435674
-3.1202571
-3.3167053
-4.4126454
-2.9189582
-3.3415051
-3.55563
-4.074933
-3.4031896
-4.6324597
-5.1750588
3.0522343
-4.6951334
-2.0888407
-2.5982441
1.229697
2.1265602
-2.9894691
-1.8470078
-9.6344818
3.1074817
-3.735474
2.2853668
-3.4390932
-3.1907876
-3.3907098
-3.7016367
-3.7025074
0.97714878
-1.7477561
-3.6453817
3.6992813
-2.8005764
-2.1851787
-1.6206095
-2.9576177
-2.0916173
-2.7977143
1.1574471
-2.4948065
-2.6252234
-2.5260886
-2.8314309
-6.1211811
2.3952205
-1.3462271
-1.8184629
1.7607812
-2.2421592
-2.7105799
-2.6569087
-2.1624842
-2.6380541
-3.3845514
-3.0150362
-3.017358
-3.0195294
-3.1562513
-2.5222401
-3.0901205
-3.0964129
-3.2021129
-2.8212938
-2.9204518
-2.9624281
-3.3516194
-2.0750304
-2.8545895
-3.7936978
-3.0973803
-2.7068444
-2.6786467
-3.0223543
-3.6063091
-3.7882901
-3.7712296
-3.9410033
-4.1760206
-4.2374531
-4.4578239
-28.578124
-774.12169
1.3673008
-2.8030141
-2.6068385
2.6912878
-4.3607419
-4.1472473
-5.0309788
1.8177375
-4.6743232
1.6104523
-2.7075887
-3.4656836
-3.6902416
-3.4409541
0.27302669
-0.9845983
-1.2830587
-1.3780227
-1.7810567
-3.1101284
-2.2924753
-3.179803
2.205921
1.3618679
-3.1544146
-1.6959157
-0.48635219
4.164576
-2.0097665
-2.7293035
2.1640642
0.97756622
-3.8157817
-4.1045157
-3.4221607
-4.2585249
-1.7912339
-7.1639395
1.3264155
-3.5997623
-3.6863658
0.97382762
-4.6536655
-5.0534324
-4.4377606
-4.5682243
0.45055116
-3.9967061
-3.4214072
-4.6041664
-3.6121385
-3.7568337
-7.8313483
0.30925714
-3.8014807
-3.3977978
-6.326703
-5.3819151
-8.7021463
1.5312643
3.1140008
-2.5910161
-2.4534438
0.97676103
-3.3551977
-3.5467943
2.1181567
-3.1929756
-0.42308391
-3.2402325
-2.1293044
-2.9847441
-2.8348839
-2.9124173
-2.7157446
-3.0805073
-2.7998656
-3.0016139
-2.7304478
-2.8373863
-2.1270926
-3.7434188
-3.4003369
-3.3534752
-3.8446085
-3.7812216
-3.6262725
-3.8041174
-4.1546059
-3.6639019
-3.709065
-4.0071792
-3.9710695
-3.4477117
-3.735512
-3.6694881
-4.1158538
-3.3372459
-4.1604765
-3.2209283
-3.0586427
-3.9016615
-4.3601105
-4.5856192
-3.7947246
-4.2420778
-4.1032707
-3.9041469
-4.1778082
-4.0728821
-3.7923564
-4.3970548
-4.605641
-4.5380728
2.2863898
-3.4114318
-3.0577822
-3.451714
-3.2938693
-3.352189
-3.8419044
-4.2894339
-3.8647511
-7.2954928
-19.465773
-0.95324661
0.90227628
-3.871267
-3.9070787
-4.7454019
-4.0361315
-4.2444672
-4.0874322
-4.3057434
1.7496044
0.7646697
-3.4524997
-3.5659554
2.7609399
-3.4396637
-2.569562
1.253689
-3.5778032
-2.0180498
-3.999053
-3.2367978
-2.2666386
-0.9855652
-1.9171828
-1.9600797
0.15221341
-3.3427414
-3.8786933
-4.8559121
1.8241616
-3.4447078
-1.6201313
-2.2837617
-2.2747594
0.41884798
-1.3046433
-0.55959854
-2.9511586
-2.8854378
-4.0716781
-1.7003672
1.3788581
-2.2133519
-2.8530846
-3.0520702
-2.50459
-2.6545144
-2.9198315
3.0221945
-2.4937028
0.63297358
-1.8473657
0.18396826
-1.9009506
-2.0146731
-3.1712263
-2.6543746
-2.5385806
-3.1619939
-3.3395211
-2.1920634
-4.2163724
1.2975247
-2.2236072
2.092022
-3.0846814
-3.5337164
1.0444933
-2.9642316
-5.6361265
-1.3066241
0.95370505
-2.1127805
-2.2548238
-3.0149076
-1.8276674
-1.6453796
0.065619747
-1.3095566
-2.1557424
-1.6607374
-2.4222615
-2.6635228
-2.6101666
-4.0358844
-3.7623427
-6.2173642
-7.1028578
-46.224735
1.4208718
-1.5635266
-1.1138839
-1.4394523
-1.8160678
-1.6249501
-0.77101807
-1.7192452
-2.4074643
-2.058657
-2.4693882
-3.6562294
-4.4391483
1.0780914
1.4877753
2.6431866
-2.7948313
4.1395454
-4.8059087
1.0100512
-4.0906443
-4.3904404
-3.5980975
-1.8711906
-1.3146761
4.7156136
-3.0266786
-2.4353893
-2.6902913
-2.6529049
-2.9302042
-2.7603277
-2.7618814
-2.5895403
-2.882719
-2.7053572
-2.8898575
-3.3686189
-3.3702368
-3.3744449
-3.4251599
-3.1971044
-3.1444402
-3.9635684
-3.7512704
-3.5686189
-3.6571985
-3.581127
-3.9476465
-3.7082409
-3.8135089
-3.5064852
-3.3637209
-3.6936169
-4.1507442
-4.8037991
-4.8957925
-8.8829914
-17.145029
0.94625226
-2.7244035
2.5644056
-3.028869
-2.0321536
-3.0488359
-3.1486669
-2.8897607
-2.8002075
-3.4634649
-3.1205959
-3.4415412
3.1082821
-1.8642072
-2.5575448
-2.0816832
-3.4434599
-7.6681973
3.6693176
-3.7731191
-3.1003675
-2.9959553
3.2642241
-3.8466877
-3.9982652
-3.9095172
-6.9793621
-7.0746973
0.59708854
-3.0211289
-2.7151167
-3.2535082
-3.5066439
-2.7237039
-3.9039402
-33.668815
1.6869455
-3.5011491
-3.3092924
-4.0634341
2.394618
-1.6648946
-1.9976189
2.1466068
-2.6930747
-2.6112809
2.590163
-3.9749733
-4.3502637
2.0039379
-1.996812
-2.4259521
-2.2572246
-2.5361924
-2.9289205
-4.5000325
1.363061
-2.7732393
-2.5873311
-2.4034283
-2.7532563
-3.0176196
-3.4990274
2.3018924
0.47637341
-2.999054
-2.9066262
-3.2807213
-3.4651759
-3.020184
-2.6619506
-2.8447888
-3.4962462
-3.1285924
-2.2101177
-2.6620894
-2.8929068
-3.6333875
-1.8537214
-2.5634282
-5.8234558
-9.8344294
0.66269723
-0.17826588
-2.7206493
-2.9069527
-0.56527763
2.031333
1.9384182
-3.355935
-1.2452947
-2.1346482
-2.5262295
-1.0686596
0.98846047
-3.6243828
-2.7434539
-4.975672
2.5133677
-2.6635476
-2.2132334
0.13630453
-3.3844941
-3.4730281
-3.7650054
-3.5409061
-3.5422581
-4.1962395
-4.1656355
-2.6820944
-3.4540485
-3.3429544
-3.7620034
-3.6031514
1.744871
-1.2985358
-2.6063021
-0.55075554
-3.1673757
-1.1448784
-1.5202187
-2.8456467
1.6273281
-4.3958176
-4.1266812
-4.0373996
-4.1499614
1.8023601
-3.3003472
-2.8614319
-4.497245
-3.8571168
-3.6500215
-3.5609808
-5.2634314
-3.6872354
-4.8967311
-3.9960934
-4.7173538
-4.3819703
-4.336482
-4.6198746
-2.8444325
-3.8139406
-4.1545535
-0.30767991
-1.9714056
-3.9045049
-3.2552709
-3.4064738
-4.3519727
-1.1911819
1.0931788
-1.628049
-2.4932162
-3.1474995
-2.4563446
-3.4034111
-2.6585737
-2.5248464
-4.8414334
0.11086567
-2.7085907
-2.9364063
-3.1746475
-3.7311414
-3.5892899
-3.5682825
-2.5472842
-2.0905734
-3.400133
-3.8898342
-3.6426528
-2.729561
-3.1277522
-4.1813229
-5.3445931
-12.026374
1.11952
-1.908953
-6.5778547
0.5120114
-0.16806098
-5.3258169
2.3250852
-3.0369927
-3.1387023
2.5860455
-3.0536778
-10.50991
0.50425865
-2.7705132
-4.4737591
-3.3797523
0.93039346
-2.3032809
-2.2946578
-2.0992583
3.0210937
-3.9511887
-7.1804031
1.6387719
-3.0328394
-2.0588101
-3.1331164
-2.7830059
-2.3062183
-2.5676853
-3.5561883
-3.8194943
-3.984988
-3.3250886
-3.2273177
-4.6169041
-7.4410809
-126.12463
2.8271828
-3.0183169
-2.9247833
-3.7884066
-3.0262833
-1.7566956
-0.35461907
-1.2470938
1.3411171
-3.8333204
1.3911147
-3.7684435
-4.3578099
-3.7395728
-3.8798355
-4.987915
2.0637925
-2.433295
-2.0532806
-2.8004365
-2.0156327
-1.8108402
1.1207398
-2.9239955
-2.9243609
-3.1227273
-3.1952262
-3.1480716
-3.0858128
-3.038609
-3.830865
-3.1671679
-3.3287518
-3.5931381
-3.5982005
-3.7404634
-2.3306596
-3.1008997
-2.9503123
-3.8086051
-3.202461
-3.3259457
-3.8106859
-3.8120829
-3.0558587
-3.9456734
-4.5019522
-3.599966
-3.7780752
-3.3845694
-4.9206504
-6.1718681
-6.4266525
-7.79789
0.43070007
-2.7444276
-1.8376999
-2.8568739
-3.4055426
-4.3996805
-2.6869078
1.1931704
-2.8084856
-2.5380359
-2.1461914
-2.4973866
-1.9355097
-3.7150729
-3.5319754
-3.9435625
-0.87390273
2.9246542
-2.6045861
-2.9407756
-3.2041645
-1.1983801
-2.2371997
-3.1367197
-3.0350847
-3.5085195
-2.3561658
-3.3591038
-2.7948989
-2.9193357
-3.2552078
-3.8415392
-2.7077331
-3.1373374
-4.2183613
1.2348586
-3.574515
-2.8449007
-3.7847365
-4.4796212
-6.2650776
1.2411561
-4.0620357
-4.1608142
-3.9697294
-4.6524948
-3.6983602
-3.7519523
-4.809478
-1.5966673
-3.6274681
-4.1433319
-3.7296726
-4.3246846
-5.1961393
-4.0027788
1.3479947
-1.6778525
-2.2773738
-3.7998154
1.2974224
-4.5605414
-3.8402032
-3.8720712
-3.6809868
-4.0642875
-4.3510761
-4.4784076
-4.3946071
-4.4287577
-4.2526085
-4.2696554
-4.7145722
-4.061746
-4.3646362
-4.3100296
-4.8783497
-4.6706628
-5.1752753
-5.4192729
-4.4568107
-4.6627555
-4.801588
-5.271809
-21.242352
-24.013083
2.5284832
-6.3126056
2.3785909
-3.7574364
2.3847699
-2.6553148
-4.0795147
-4.9022189
-3.9762804
-4.6249743
1.6684165
-2.9526624
-2.4410653
-2.1810456
-2.4274298
-13.018454
1.8027526
-2.8329669
-3.3869935
-2.7629723
-1.8279116
-3.5738834
-3.3957586
-3.596867
-3.222338
-4.0577169
-4.04375
-4.0068924
-4.0227661
-4.8010731
-3.106916
-1.0041012
1.0293582
-1.4884322
-2.4370078
-3.58139
-3.9253295
-2.2970021
3.2923568
-2.9432384
-2.2351493
-3.1032004
-2.466947
-2.8165252
-3.2535112
-3.7967949
-3.8824776
-3.9606136
-3.0989825
-3.7900427
-4.0846748
-4.4602163
-3.8865269
-4.3057479
-4.1397798
-4.4390646
-4.5480104
-4.0463447
-4.2525867
-4.5843264
-5.1386122
-4.2060068
-3.8876294
-4.3947057
-4.401224
-4.4320736
-4.4342114
-4.4412099
-4.3341359
-4.2680703
-4.7902766
-4.7225349
-4.6051837
-4.613259
-4.9863621
-4.820694
-4.8078613
-4.810675
-4.6967085
-4.7939505
