1.2646375
-2.0987322
-2.8411996
1.5229353
-2.7886305
1.3394196
-2.7810851
-3.5083354
-2.8847642
-3.2062585
-4.313167
-3.7076004
-4.0055082
-3.1555996
0.43615231
-2.7924807
-3.4561446
-3.807991
-2.6328928
-3.3289294
-4.2442193
-3.0945833
-3.1788577
-3.6206634
-2.9316329
-2.9726137
-3.6041267
-3.0454586
-3.1807946
-3.34728
-3.4297117
-3.3184518
-3.5197459
-4.1777167
-3.975663
-3.7290785
-3.3375262
-3.5900088
1.4125136
1.5626475
-2.9802898
-3.1435915
1.5421844
-2.8121684
-1.7852682
-3.3306153
1.9038811
-0.91602889
1.6144815
-2.4201884
-2.5741385
-2.6623069
-3.2147483
-3.4349743
1.5388937
-1.6011746
-2.0359428
-2.2464232
-2.7265885
-2.7686334
1.4492707
-2.2457902
-2.9069682
-2.8879784
2.3197106
1.5473941
-2.6162555
-1.9022935
1.7588331
0.70090853
-2.5160853
-3.5521508
1.7314222
-1.7523395
-2.8366314
-3.1098708
-1.4362277
1.6903557
-2.7604686
-2.9857069
-2.6396424
-3.6741228
-3.7739646
-3.9725915
-4.2310828
2.3060095
-2.025829
-2.4412729
-3.3452913
-3.1207846
-4.1616962
-3.7398681
-4.2717549
-4.653713
-4.0231863
-3.9687382
-3.3486189
-3.6391278
-4.1655291
1.3397705
-2.9768497
-2.9718261
-3.1789841
-3.2497638
-4.3079351
-2.7204645
-2.9610792
-3.4621824
-3.6940798
-3.4355382
-2.83053
1.8391023
-2.202906
0.98713907
-3.1980026
-2.386031
-3.0044894
-2.0655897
-3.7609813
-2.389688
-3.4112631
1.4640187
-2.6297166
-2.1842586
-3.2230727
-3.0359425
-2.5801858
-2.7959213
-3.3864427
-3.3948226
-3.0462406
-3.4051482
-2.9193984
-3.2021647
-3.0694533
1.6863959
-3.9182158
2.074413
-2.4393223
-1.356412
-3.5591657
-3.7676127
-3.8671678
1.3984512
-2.4850754
1.4039551
-2.8243694
-1.8698229
0.60901189
-2.5647062
-3.1366186
-3.1033243
-3.2748151
-3.3018063
-2.2158437
2.0775902
-2.5715362
-4.2055128
-4.1335463
-4.3032127
0.63087938
-3.1483707
-2.4383983
-0.49244182
-1.8936143
-3.6763958
-3.5736174
-3.5003774
-3.5814419
-2.4466551
-3.4787709
-3.7862461
1.6124106
-1.3237115
-2.018726
-2.9857991
-2.7839929
-3.3696621
-3.0760683
-2.9218278
1.184251
-1.7677643
-2.4403445
-3.6302109
-3.3374629
-2.7283609
-3.4181789
-3.3016429
-2.8099238
-4.1550473
-2.8239041
2.0099893
-2.5974736
-3.3591215
-3.4185818
-3.2994307
1.9294195
-3.2595582
-2.9655259
-2.5120395
-3.4908656
1.2260615
-3.3323708
-2.3641097
-2.2243451
-3.7224093
-3.1428832
-2.7716785
-3.0839284
-3.5991251
-2.9540066
-4.0637482
-4.2150938
1.3122161
-2.7522673
1.9025044
-2.2381436
-3.0633073
-2.4109727
-2.6190164
-3.2105555
-3.4450609
-2.4749653
-2.9083064
-2.5941101
-3.925114
-0.54980939
-2.6717408
-3.0308918
-3.3958903
-3.012067
-3.3293848
-2.9852383
-2.5969166
-2.9014343
-2.9092477
-3.5821593
-3.2926718
2.1491283
-2.8518581
-2.3481295
-2.8850473
-2.2108525
-3.754873
-3.6654786
-2.8252837
-3.5174762
-3.0375702
-3.0954509
-3.0954509
-3.7795352
-2.9236902
-3.2978088
-3.2320888
-3.3055035
-3.3055035
-3.1605655
-3.6814586
-3.0044288
-2.7897135
-3.0498836
-3.1819921
-3.1478958
-2.8437418
-3.3231551
-3.3231551
-3.0566658
-2.77705
-3.2083427
-3.713294
-3.533106
-2.7845515
-2.1655143
-3.0761584
-3.3339334
-2.83267
-2.9260462
-3.0931876
-2.8365481
-3.4069178
-3.0898417
-4.0242543
-2.852943
-3.3328491
-3.509488
-3.2987527
-2.7860233
-2.6118407
-3.5283179
-2.9108238
-3.5024355
-2.8059931
-2.4919813
-2.429682
-2.3339655
-2.8391725
-3.3864333
-2.6863006
-1.2473645
1.5035407
-2.7727105
-3.5556424
-4.1935131
-3.1286502
-2.7474932
-2.959096
-2.4508084
-2.4481234
-2.6042538
-2.5277626
-2.773158
-2.7763102
-2.7751442
-3.4543974
-0.61581345
-3.1206272
-3.4781437
-2.5141802
1.9183144
-2.5787006
-2.2182431
-2.6261705
-2.3895327
-3.0975176
-3.6981273
-2.7875049
-3.3538532
-3.401938
1.5287085
-0.95562586
-2.1215348
-1.0731171
-1.7542468
-1.9734547
-2.1491605
-2.9051864
-1.8840224
-1.9231836
-2.1309782
-2.0282081
-2.5659948
-2.1189122
-2.0578245
-2.003432
-3.2477247
-2.7695998
-2.76915
-2.6662642
-2.3282551
-2.6290393
-2.8400621
-2.9714953
-2.9949285
-4.1165818
-3.705646
-2.9844464
-2.558164
-2.9709379
-3.2538684
-2.5357367
-2.9985364
-2.4935209
-2.0296643
-2.3745067
1.0361078
-1.9679802
1.6470235
-2.9416224
-2.1615529
-3.0539608
-3.0526512
-3.5667086
-2.3803047
-2.2878302
-2.2099004
-3.5515269
-3.1254712
-2.7322077
-3.1473266
-4.1174474
-3.7190094
-3.0678413
-3.6637234
-2.7773373
-3.1820169
-2.8770073
-2.7018476
-2.3655274
-2.9271032
-2.7018476
-2.8269114
-2.8269114
-2.7018476
-2.6891017
-3.2238456
-2.7033589
-2.2929142
-2.7652978
-2.3358402
-2.9343832
-3.3999495
-3.1149348
-3.8383702
-3.367892
-3.393052
-3.4463465
-3.247081
-2.8432067
-3.6322002
-3.0166288
-2.8522029
-2.7437385
1.2505019
-2.8191472
-2.3246304
-2.0508975
-2.232725
-3.3847759
2.2708671
1.5375882
-2.8913151
-2.8955297
1.5260266
-2.6847055
1.5522458
-3.1178053
-3.304967
-3.5903221
-4.306293
-2.1917247
-3.6115348
1.1700155
-2.6866484
-2.8061072
-3.3617659
-2.9043263
-3.3767882
-3.5419289
1.798617
-2.1586234
-2.7488656
-2.4104986
-2.624451
-2.9498738
1.6028655
-2.1984195
-2.6237962
-2.8258468
-2.1525526
-2.2298708
-3.3183219
-2.7491835
-2.7567333
-2.8279387
-3.1816851
-2.0701635
-2.7173133
-2.5383844
-4.2150723
-3.7943255
-4.2382172
-3.3317265
-1.9309534
-1.3695534
2.5920727
1.46776
-2.1688494
-2.4363299
-1.7980798
-1.2082358
1.0167693
-1.9895576
-3.1799279
1.6326546
-3.4619518
-2.8250288
-2.1377695
-2.434298
-2.5509504
-3.576885
-0.15923605
0.63742172
-2.3522745
-1.5101285
-2.5255264
-3.260353
-3.1389987
-3.3849532
-3.6749845
-2.3135871
-3.3574012
-2.5660146
-2.2142321
-2.3855057
-2.6503595
-3.0943339
-3.0943339
-3.3212108
-2.6721949
-3.4491863
-2.7436319
-3.1526858
-3.8110033
-3.483892
-2.3390483
-3.7615249
-3.3911169
1.8778134
-2.9061487
-2.9166415
-3.0106134
-2.5835076
-4.191076
1.5162038
-3.5568926
-3.2320215
-2.5282713
-2.7132836
-2.5988194
-1.201661
-2.0708776
-2.7261836
-2.8664124
-2.6313515
-3.5028239
-3.1487194
-1.5661892
1.564425
-2.6894636
-2.5354056
-1.411152
-2.0846119
1.9860173
-1.6901956
-2.3165885
-2.253052
-2.4502606
1.5234513
1.4824299
-1.9553572
0.40270563
-1.6644142
-3.0459151
-2.0731512
-1.8323461
-3.4269514
-3.523066
0.70563523
-1.9615366
1.7555231
-2.6598623
-3.0248689
-3.6923121
-3.6572633
0.54934313
-0.92953305
-0.85858761
-3.5519766
-1.8235296
1.023728
-2.8093975
-2.9651023
-3.2350063
-3.0444672
-1.7758609
0.86872531
-1.8142829
-2.4482442
-4.0362937
-3.0889477
-3.768165
0.55939911
-1.4693367
-2.5386204
-2.212812
-1.514647
-3.1647198
1.5839027
1.8522152
-2.9892237
-3.8850288
1.8899188
1.7969783
-2.6065434
-2.7543141
-2.7385467
-2.3707121
-3.6979061
-3.5340392
-0.18722318
0.047160554
-2.807908
-2.3473791
-2.5832065
-3.7547355
1.6823263
-1.6689596
-2.066548
-1.9301675
-1.5168815
-1.8183052
-2.0165222
-2.1612872
-2.1578049
-2.3783384
1.8141643
-2.0506695
1.2680942
-1.3190714
-1.715131
-1.9314126
-2.6815359
2.1910524
-2.7229662
-2.9394345
1.2287037
-2.949356
-3.0028214
-2.7908335
1.6559665
-2.4597608
-2.8612058
-3.7237774
-3.35608
-3.0867915
2.311587
-0.56484466
-1.4378313
-2.359577
-1.7629842
-1.7488976
1.5999679
-2.3189801
-2.8345429
-2.0576945
-2.2640737
-3.2939998
-3.4160885
-3.8777863
-3.3903493
-4.0411495
-2.8923438
1.2024802
-2.9200273
-2.8287105
-4.1567345
-2.4620824
2.2572889
-3.116195
-2.6170682
-3.1801451
-3.3647825
-3.0832051
-3.3913266
1.2251132
-2.5990286
1.4971943
-2.0160484
-2.1140593
-2.6613069
0.1057567
-3.1893033
-3.0237495
-3.2724454
-3.2225302
-3.3762143
-5.4046467
-2.4933036
-2.1326724
1.1139069
-2.2306941
-2.3286316
-3.4340413
-3.0765454
-3.2803539
-3.1752069
-2.674158
-3.2751865
-3.7531895
-3.6708132
-2.5124144
-2.2954072
-2.436744
-2.0991755
-3.2612525
-3.2464051
-2.0645404
-3.4037877
-2.0401135
-1.3044868
-1.596757
1.5479182
-2.4773709
-3.3367068
-3.0550926
1.4630055
-1.9730791
-2.5716392
-2.2106138
-2.5164997
-3.3359799
-4.4844307
-3.0832462
-1.5723107
-1.3976766
1.6733788
-2.6361127
-2.563921
-3.1020026
-3.1854395
-3.4652426
-2.2673292
-1.8945857
0.49181669
-2.8791751
-1.9259368
-2.5891146
-2.2318056
-3.3283839
-2.5061037
-3.7409706
-2.7610667
-3.8736328
-4.392092
-3.0488376
-2.0304744
-2.6808144
-2.4322659
1.783543
-0.62833882
-3.8499224
-3.1737012
-3.6985146
-1.860576
1.3375027
-2.0315959
-1.5413668
-3.1359459
-3.6822891
-3.156214
-3.8194717
-3.3460346
-3.8259406
-2.3619713
-2.2944625
-0.826509
-2.9660976
-2.5627008
-3.7152027
-3.2676164
-3.8630562
-3.1266592
-3.3190995
-3.4323265
-3.7024189
-3.7776427
-4.0522358
-3.1166702
-2.5213531
-3.3174256
-3.9423367
-4.385526
-3.6347396
-3.322187
-3.9282832
-3.701004
-3.3590239
-3.9223954
-3.2587236
-3.2090954
-3.3069417
-3.3894895
-4.5721361
-4.0481533
-4.8567242
-3.6334823
-4.0325335
-3.2795994
-2.8799463
-4.0464829
-4.0494391
-2.8518872
-3.0501528
-3.0522039
0.40449165
-2.9618358
-2.6175398
2.0245371
-1.929499
-1.6648563
-3.1508091
-3.2762913
-3.4865277
-3.4390215
1.5878507
-2.5205665
-3.1401075
-2.1098602
-2.1331173
-2.8163085
-1.2776361
0.99051221
-3.2753277
-3.174355
-2.9811354
-3.9466306
-2.1388738
-2.49053
-0.80493431
0.77391762
-2.2817396
-2.5980172
-3.8167787
-3.1916963
-3.3492217
-2.8253336
-3.1532393
-2.3213891
-3.2580998
-2.6432203
-1.9462443
-2.2429945
-2.7457537
-1.9270888
-2.5649842
-1.6573985
-2.6909628
-2.6977597
-1.7839449
1.6202093
-2.9231154
-3.1106681
-3.0416753
-3.1219598
-2.6605606
-2.8428113
-0.28400788
-2.7425506
-2.2359031
1.1447611
-2.0511259
-2.6729134
1.6264948
1.2718615
-4.0427402
0.10566305
-2.252457
1.1454011
-2.2659231
-3.2794287
-3.3248624
-3.7914391
-2.6277387
-3.4511013
-3.0402113
-3.5201173
-3.494482
-3.8841946
-3.71607
-3.6938588
-3.1444783
-3.8797818
-1.9570668
-2.1161985
-3.0649008
-3.9257504
-3.3938818
-2.7275816
-3.01697
-2.7926269
1.533357
-2.9003046
-3.0514656
-2.2793091
-2.6447914
1.8162685
-3.0476181
-1.2293352
0.90194923
-3.0314041
-3.5094266
1.8955448
-2.6351506
-1.5186269
-2.6294791
-3.6681097
-4.9668389
-4.79159
-3.5730666
-3.5096181
1.7840766
-3.7341911
2.4361529
-0.20719008
1.2512585
-1.8318872
-3.0424865
1.8812199
-3.469273
-2.11565
-2.5172718
-2.6002987
-3.2033543
1.4202112
-2.2183102
2.0320557
-3.0859864
-2.9666894
1.7050345
-3.3821194
-3.2883473
-1.7733708
1.4924809
-2.0077532
-3.2035593
1.7556674
1.5477369
-2.553461
-3.1323856
-2.3857848
1.8120193
1.7836515
1.4368405
-2.2325366
-3.0225898
-2.0693816
-1.6115908
-1.0414493
-1.9122161
-2.2893994
-1.4627008
0.73563146
-2.6686717
-3.7331765
-2.0289278
-2.6909837
-2.5110183
-1.7212521
-2.0300893
-3.4838373
-2.3387911
-2.7185304
-2.8187223
-2.7784932
-3.0677844
-2.2214476
-3.1093484
-3.1333551
-3.2031786
-2.7655292
-2.1832696
-1.5197506
-1.7811456
-2.634446
-2.5313888
-2.2565707
-2.5171181
-1.7212604
-1.9875329
-1.8265216
-1.9639426
-2.3342343
-1.9694792
-2.4906893
2.4426414
-2.8360442
-2.5307065
-2.9318672
-2.6315439
1.1941632
-1.9502576
1.5747546
-1.394175
-3.086691
-2.4681611
-2.3209822
-0.7261182
0.59245183
-2.6514301
-2.4299576
-2.555005
-2.6062066
-3.4090436
-3.4908777
-3.9422014
2.0691942
1.6053293
2.3498836
0.82856374
-2.5098549
1.2683039
-1.8903293
-2.2592665
-2.8272374
-3.5000269
-3.3995433
-2.3506823
1.4752625
-0.52810606
-3.2496527
-3.5650037
-3.7125032
-2.3951744
1.9070945
-2.9332883
-2.5361041
0.82483429
-1.9173119
-2.0733321
-0.88273747
-2.85685
-2.7640829
-2.4194324
-2.8717755
-3.320822
-2.7051117
-2.7846069
-2.353104
0.78447477
2.0258686
-1.2700121
-2.2786399
-1.4997113
-2.4522335
-2.9336803
-3.5590647
-3.3322488
-2.673515
-3.6702401
-2.9950332
-4.0474147
-3.3136695
-2.7420961
-2.7361962
-2.7070761
-2.5902866
-1.5320671
-2.4219894
-2.8071139
1.5538565
-3.6625677
-1.2540731
0.84486928
-2.0199644
-2.2164558
0.7391104
-2.7434244
-2.1770806
-2.5089911
-2.5044828
-1.8010401
-2.2564074
-2.1930284
-2.4377442
1.0275096
-0.13428423
2.003528
-2.3711516
-2.455403
-2.610034
-2.5786001
1.5519901
-0.83515631
-1.5115497
-1.3782187
-1.8933988
-2.4089954
-1.758817
0.7581202
1.5826896
-2.1767676
-1.7493836
-1.4146607
-1.8000521
-2.2604994
-2.3874312
-2.1015597
-2.2966356
-2.4775403
-2.3933609
-3.5275255
-3.5275255
-2.4385542
-2.8030392
-2.5585973
-2.1840889
-3.0097103
-2.0448609
-2.4628845
-2.7794523
-2.5860096
-3.2200919
-3.2325593
-2.3225152
-2.2586727
-1.899679
-3.961005
-3.2480535
-2.816088
-2.9954715
-2.6103152
-1.9846241
-2.4094857
-2.5276252
-4.0292841
-2.0075077
-2.7751526
-2.6551201
1.9779881
-2.5650551
-3.0310668
-3.1754752
-4.667745
1.8507553
-1.8813885
1.9394505
-2.1668451
1.7354377
1.031778
-2.6772623
-2.4187332
-1.5011139
1.6639332
-4.5387767
-4.3738609
2.0758673
-2.5345033
1.1396266
-0.87970866
2.1287207
1.6174331
-3.3515679
2.3224213
-3.3086136
-2.3781289
-1.9857166
0.21749826
-2.6550303
-3.4333204
-2.6545509
-2.8768666
-2.4036657
-2.2999211
-2.0341824
-2.4540989
-2.2866321
-2.2522725
-2.2193533
-2.4218002
-2.9217011
-0.87221334
-1.3285886
-2.847051
-2.9399483
-2.0728633
-2.0592962
-2.3361043
-3.3232581
-2.6641051
-2.6904036
-2.6325229
-2.9186636
-2.471581
-3.1734832
-2.1526169
-2.9449621
-2.0603765
-1.951509
-2.3869721
-3.3469919
-2.9207511
-3.1846347
-3.4953016
-2.2093857
-2.5061982
-2.5342306
-1.7488002
-2.6602187
-3.0242048
-2.6079004
-2.6018997
-2.8824995
-2.6018997
-2.4953007
-2.4394849
-2.5268896
-2.8500888
-3.0088269
-3.9175637
-3.4160395
-2.1674483
-3.0719844
-3.4296841
-3.191041
1.4280895
-3.0380338
-2.7202053
-2.337707
-1.6134236
-1.7517385
1.5229615
-1.5710138
0.52341722
-0.69363319
-1.9151948
-2.2040969
-2.2156913
-2.5642156
-2.6702696
-3.0907564
1.6248707
-2.3760993
-2.6643398
-3.1666008
-3.809529
-3.5011964
-1.237667
1.9312812
-1.6608337
-2.748535
-2.1787267
-2.0216948
-2.3892276
-2.3226546
-2.351906
-1.8527454
-3.0559123
1.9748071
-2.7500586
-2.8772297
-1.8076372
-2.7720271
-2.803304
-2.83279
-3.2294589
-3.3606036
-3.6779829
1.5052828
-3.1906568
2.4282779
-1.7079992
-2.5088557
-2.8463845
-2.2477344
-2.9634384
-3.3127767
-2.9013512
-3.8688216
-3.71225
-3.4560896
-2.2463861
-2.0416122
-0.57159893
-2.1066896
-1.6989978
-2.9336651
-3.1132048
-2.5777995
-0.65473847
-1.8677954
1.0239228
-2.8362856
-3.3757746
-3.7128256
-4.0197868
-3.6831932
-3.7166632
-3.4188378
-3.1310537
-4.0105334
-4.0088802
-3.0708475
1.991578
-1.4344779
-1.8867871
-2.9012312
-2.6349032
1.8183887
2.2953352
-2.87715
-0.38051399
-3.0049391
-2.7173857
0.95474418
-4.1041822
-2.5922279
-3.1047136
2.1104025
1.5023289
-2.525289
-3.0884139
-3.0105316
-3.1489527
-3.9291778
-3.1847529
-4.1939387
-3.5337826
-2.6723934
-3.0840897
-3.2945884
-3.7072195
-3.0019593
-3.5831378
-3.0664803
-3.155684
-3.2424551
-2.578111
-3.4343462
-2.7875429
-2.8690109
-3.0251412
-2.8690109
-2.8657526
-3.1555248
-2.9438978
-3.8411947
-4.2972914
-3.6238833
-4.3776541
-4.2470036
-3.6173862
-3.4415389
-2.8554132
-3.3478973
-3.1785487
-3.2900166
-3.6024558
-3.1225498
-3.4679929
-3.6062776
-3.4222539
-2.8487822
-3.1540403
-4.7562406
-2.8666487
-2.6375359
-3.442208
-3.2394598
-3.6111871
1.1375021
-3.9305808
-3.0000445
-3.2903727
1.8317073
-2.5426716
-2.6614293
-2.5740861
-3.2413631
-4.05025
-1.868222
-4.2238328
-4.0137018
-2.9143689
1.1460486
-2.0683056
-1.9644547
-3.2219957
-2.8329153
0.90636044
-3.1957721
-2.9732019
-3.4470459
-3.1740635
2.171518
-2.2638011
1.4998769
-2.8917068
0.40325385
-2.0988021
-1.9599119
-3.0047953
-2.386941
-1.6676844
-3.0180681
-2.6632397
-3.0731118
-2.6885321
1.6324708
-1.2858879
-1.5700132
-1.6841693
-1.0726033
-2.364029
-1.5107059
-1.8961434
-3.1767229
-2.6537891
-2.9247283
-1.7994058
-3.1998396
-3.5569852
-2.9412128
-2.522055
-3.1111899
-3.0899502
-3.2350065
-3.6166508
-3.4447924
-2.8303269
-3.2600211
-3.1434526
-3.4627597
-3.0809561
-3.4298052
-3.1286424
-3.8837601
-3.8428852
-2.7872402
-3.5184819
-2.8634384
-3.9742048
-2.887262
-3.2655708
-3.435359
-3.4968981
-3.491248
-3.491248
-3.491248
-3.491248
-3.3921335
-4.486173
-3.7447435
-3.5915317
-3.0537449
-3.7165955
-4.0791306
-3.3808142
-3.6896806
-2.9848831
-4.0201985
-3.8824412
-2.9445708
-2.9445708
-3.5495406
-3.5680801
-3.2865925
-3.5990318
-3.6897359
-4.3389332
-3.8590272
-2.2638408
-3.1602167
-3.8048627
-3.4721266
-3.5838904
-3.1039844
-3.2084831
-3.4083516
-2.9038735
-2.8671569
-3.2374769
-3.0312572
-4.1221569
-3.9226792
-3.9057089
-3.0946572
-3.7669142
-4.178676
-3.5154464
-3.4130991
-3.9994429
-3.8292674
-3.234252
-3.461663
-3.8774732
-3.64442
-3.658789
-3.4464913
-3.4464913
-3.7666344
-3.3195518
-3.3195518
-3.4446156
-3.2556619
-4.2121134
-4.313944
-4.6320592
-4.1451937
-3.6652877
-3.0011034
-3.1572337
-2.9300043
-2.9327837
-3.7493832
-3.6243194
-4.4207259
-3.5247434
-2.7918762
-3.2296843
-2.8748421
-2.5921544
-3.0329821
-2.7139931
-2.6468101
-3.3570889
-2.8771829
-3.7434863
-3.7434863
-3.6816954
-3.0767256
-3.6637448
-3.2602333
-3.6262947
-3.3146859
-3.2886262
-3.7555891
-4.1090047
-3.4288879
-2.9227169
-3.6790565
-3.2726384
-3.1981895
-3.7606798
-2.9901988
-3.4928843
-3.0247599
-3.5732369
-3.7958513
-3.2413106
-3.579791
-3.099885
-3.5667906
-2.9923544
-2.9532762
-3.4331822
-3.2653882
-3.4423427
-3.7600044
-3.055183
-3.2967245
-2.8514179
-3.708856
-2.7663566
-2.9949919
-3.098875
-2.7667328
-4.4138508
-4.1720222
-3.3385716
-2.8914889
-2.9458573
-2.1723288
-2.6741241
2.2810714
-2.6794224
-3.2716748
-3.1167538
-2.270506
-2.5179384
-3.0881184
-3.2699873
-3.0606767
-3.3411606
-2.9681273
-3.7567589
-3.6165018
-3.0852648
-2.9459722
-3.5578202
-3.2384303
-3.8841011
-3.9326234
-3.479016
-3.4117307
-3.0861369
-3.339135
-3.7436538
-3.1650397
-3.0571271
-3.0890596
-3.4148725
-3.2694527
-3.0586842
-4.0101768
-3.2260626
-2.6712684
1.6930616
1.3314957
-2.427044
-2.0940044
-3.170067
-3.6934694
-4.0643375
-3.221911
-3.2867678
-3.6335777
-3.7013658
-3.2942239
-4.2466369
-3.0183186
-2.9996016
-1.9817274
2.1508557
1.1920151
-2.8650849
-2.7743981
-2.9009425
-2.892602
-3.1192652
-3.7124055
-3.4345074
-3.3530394
-3.2419184
-2.984722
-3.1836162
-3.5448359
-4.0283129
-4.0283129
-3.1791902
-2.9983542
-3.3086184
-3.68778
-3.3431248
-2.8549464
-3.6001071
-3.4268662
-3.5692444
-3.2750953
-3.1792901
-4.1885585
-3.5453195
-3.4361373
-3.4361373
-3.9160433
-3.4361373
-3.5076112
-3.1305718
-3.646139
-3.1839647
-3.6983936
-3.9318286
-3.9407778
-3.6218879
0.39602139
-4.161119
-2.1294704
-2.3999719
-1.946546
-2.2215885
-2.1989046
-2.8996363
-3.5180048
2.3414463
2.0515005
-2.2435689
2.2725292
-3.0280245
-3.2715364
-2.9110809
-2.9470589
2.4886376
-2.6341488
-2.3449868
-2.1166301
-3.5730167
-4.7773603
-2.0536341
0.15641097
-2.8237743
0.82906886
-1.6214091
2.0495399
2.1150696
-3.2412529
-2.7657713
2.022832
-1.5540959
-2.6634161
-2.5376006
1.4160054
-2.2414524
-2.5880469
-3.7348132
-2.0165176
2.0125623
-0.32374767
2.1742086
-2.0994622
-2.2064901
-1.834669
-1.8267229
-2.6692195
-3.1472329
-0.97340395
-3.5419101
-4.0718027
-1.2261986
-1.0874674
1.5353056
-2.5578608
-3.5403065
-3.2927191
-2.729084
-2.8534059
-2.4400752
-2.7814394
1.2135566
-3.1859343
-1.8509119
0.53572029
-2.6448272
-2.4478776
-2.9194181
-2.6677154
-3.1823405
-2.5704432
-2.7945139
-2.9060156
-3.1294804
-1.5504729
0.95579122
-2.849604
-2.55118
-2.6275086
-2.8026062
-3.3094058
-2.9549991
-2.442369
-2.9878225
-2.3272126
-2.8301986
-3.1426379
-2.842824
-2.9581713
-3.3386006
-2.6784611
-2.333978
-2.0891225
-3.0249967
-3.2407646
-2.772195
-2.2153789
-3.0267535
-2.9001962
-2.9766576
-3.0267535
-3.0578201
-3.0578201
-2.967288
-2.7531657
-2.2601649
-3.0697827
-2.308476
-3.2634734
-2.7576466
-3.2876485
-3.2876485
-3.2876485
-2.7576466
-2.9398737
-3.6926151
-3.0781577
-3.1483219
-3.1292926
-3.2298636
-3.2298636
-3.0722397
-3.6425192
-3.7003999
-3.7003999
-3.7003999
-3.2549209
-2.4046949
-2.7759988
-3.1098646
-3.1098646
-2.9850641
-2.9934794
-2.956063
-2.9291236
-3.0541874
-3.4245074
-3.4245074
-3.0209959
-2.9870044
-2.4492176
-3.4245074
-3.1120682
-3.1042833
-3.0541874
-2.5742814
-3.0541874
-3.1120682
-3.4573308
-2.9273289
-2.8950273
-3.0636481
-3.0947147
-3.5322177
-3.4726893
-3.1675972
-3.556346
-4.2830406
-4.1315357
-3.0941367
-3.0941367
-3.0941367
-3.0109723
-3.0941367
-2.9275674
-2.916257
-3.0186043
-3.1980364
-3.473759
-3.473759
-3.3486952
-3.7941742
-3.7941742
-3.8269976
-3.5300361
-4.0099422
-4.0099422
-3.8523183
-2.5480431
-2.7810835
-2.7810835
-2.9096346
-2.9580461
-3.2720251
-3.4994635
-3.182565
-3.2404457
-2.6354759
-2.9479152
-2.6351531
-3.1150591
-2.3110463
-2.2660451
-2.282377
-3.0231649
-2.6122858
-2.1916728
-2.8545234
-3.0550044
-2.5447122
-2.2381709
-3.3746824
-3.2496186
-2.6190628
-2.3294273
-3.4587948
-3.5724574
-3.5736217
-2.4823489
-3.3958525
-2.7735725
-2.6919499
-3.3389972
-2.9195397
-3.3061738
-3.4717425
-2.8653461
-3.8219617
-3.2193202
-3.857241
-3.7338671
-3.7338671
-3.7338671
-4.0456217
-3.6158116
-3.2512492
-4.1617029
-4.0787778
-3.9709018
-3.1170362
-3.5986698
-3.3236361
-3.4683179
-3.2749721
-3.1060658
-3.5686993
-3.3115328
-2.9397866
-2.9927941
1.6120657
-2.4018324
-3.200211
-2.6127575
-3.6047561
-2.8155264
-2.5667674
-2.6372264
1.9938568
-1.2864897
-2.2466844
-3.3041094
-2.5626649
-3.4915378
-3.249697
-0.56415611
-0.92075133
-0.67044689
-0.67503613
-0.32364499
-3.1234933
-3.0141978
-2.7688624
-3.1212008
-3.9225774
-3.5616963
-1.6809325
1.8302653
-2.3631421
-2.8289882
-2.5184899
2.1901324
-3.1642798
-3.6092018
-3.0998704
-1.6835989
1.5110468
-2.3906698
-2.7652215
-2.884034
-2.2402736
-3.0895631
-2.629289
-2.763939
-3.350794
-2.8585439
-3.510448
-3.304741
-3.5980245
-2.8322684
-3.126999
-4.0203851
-2.9381411
-2.5142824
-2.9934677
2.6574282
-2.5202491
-3.0368983
-1.9420292
-2.9984101
-2.7316059
-2.7734718
-3.3206175
-4.1392077
-3.7953974
-4.3821804
-4.1852182
-3.7070836
-3.3339549
-3.7190296
-2.9634514
-3.7436068
1.5550172
-2.089027
-3.3812763
-3.5511508
-2.5711396
1.769599
-1.1304525
-0.84034607
-2.2358825
-2.633752
-3.0888726
-2.921445
-2.4867231
-3.2447078
-2.5469163
-2.916561
-0.41665337
-2.2927619
0.72359722
-1.895099
-2.0728878
1.0649805
-2.7025516
-1.9019471
-2.3056153
-1.9659032
-3.5284252
-3.6570886
-3.5704469
-3.3866854
-2.3337291
-2.7839774
-2.7608153
-2.2125671
-3.0748475
-3.8486529
-3.8026958
-3.2339013
-3.4817792
-3.2876744
-3.6690997
-2.91892
-3.2162787
-2.6068376
-2.1421848
-2.7360028
-2.4439389
-1.7916955
-2.0958768
-1.6980624
-2.74542
1.150613
-1.7245038
-2.0405515
-2.8296833
-2.9715428
-2.4407175
-2.8605774
-3.5338087
-3.1779579
-2.7381573
-2.8902548
-2.8400081
-3.4828877
-4.3418912
-3.295368
-2.9525941
-3.1898631
-4.1731289
-2.7523601
-2.7523601
-2.9602577
-3.0853215
-3.2870013
-3.2317286
-3.2317286
-3.2317286
-3.9379709
-3.0636952
-3.4677734
-2.7505524
-2.8725143
-3.0791984
-2.9477652
-3.5571868
-3.2640912
-1.7635468
-3.2049699
1.2720918
-1.4693009
-1.991248
0.76838567
-1.6556871
-2.4220536
-3.2604551
-2.1662444
-2.8252222
2.4294058
-1.9189458
-1.6570038
-2.1410997
-2.2263536
-2.4421245
-1.5316014
-1.8975288
-0.020629912
1.3548211
-2.4113464
-1.4758303
-1.8341725
-1.480827
-2.8409625
-3.5050279
-3.5091178
-2.739743
-3.0260905
-2.4592717
-3.0301217
-2.2240982
-2.1885141
-2.2549833
-2.250202
-2.3654502
-2.1591096
-2.3114072
1.6205911
-2.663276
-2.3138084
-2.4221408
-2.6742377
1.5157584
-2.6360625
-2.7454016
-1.9019613
-2.7340499
-2.6587619
-3.1286859
-2.643908
-2.6965385
-3.0483568
-3.7484139
-3.0851263
-2.887416
-2.5858943
-2.5875919
-2.944739
-3.0337395
-3.1489098
-3.2262084
-3.487673
-3.3789939
-2.5346168
-2.5431368
-2.4664563
-2.915709
-2.5330687
-3.1714261
-3.2867535
-3.4917902
-3.3117776
-2.6832731
-2.21321
-3.2633709
-3.1711463
-2.7849742
-3.1868152
-2.9903461
-3.4234576
-3.4235561
-3.1284632
-2.9234745
-3.0704071
-2.5652316
-3.9243703
-3.4444643
-3.8168424
-2.4710414
-2.9509474
-3.424581
-3.5342939
-3.557214
-2.427635
-3.2881212
-2.1991993
-2.9503613
-2.595519
-2.737244
-3.0065669
-3.2337989
-2.2088862
-2.687898
1.4553341
-2.2837051
-3.3883289
-2.7479218
-3.9677786
-4.0339669
-2.9662516
1.5843915
-1.5906818
-2.2711644
-2.20645
-2.9703978
-2.9193896
0.64740172
-3.1703402
1.3178693
-1.1638678
-2.2510206
-3.3463586
-2.7467955
-2.9728258
-2.5485509
-2.9563287
-2.8666786
-2.9666786
-2.6118364
-3.7911878
-3.4452642
-3.0573154
-2.4064395
-2.4882177
-2.7871205
-2.1884822
-2.9411377
-2.4692339
-2.7736709
-3.1735806
-3.605322
-3.3306327
-2.4729365
-3.3055716
-3.774554
-2.983054
-3.0529178
0.56018284
-2.42873
-4.1593535
-3.8413345
-3.045923
-3.0884264
-3.2651913
-1.4600977
-2.1705013
-3.3862012
-3.0739718
1.3519235
-1.930498
-2.2323003
-2.9472367
-2.6411856
-2.9864693
-2.997028
-3.4368985
-4.073516
2.1433376
-1.7908263
-2.8127266
-3.3210936
-1.1025791
0.94036571
-0.41442929
-1.9736245
-3.7701809
-3.3659912
-2.7764263
-4.1588158
2.2791206
1.4536017
1.1434582
-1.6941884
-1.1063068
0.99705727
-2.3415801
-4.1161106
-1.9523582
-3.0208628
-2.7851384
-4.017059
-3.8911299
-3.1273138
-2.8344263
2.4536975
-2.3909976
-2.8554819
-3.6622231
-1.4312986
-3.3471577
-4.2103095
-3.7048452
-3.6451824
-2.9403048
1.9389868
-1.652166
1.565015
-2.38636
-2.2519239
-1.2273315
1.4089232
1.8223162
-1.796045
-2.4442104
0.54746627
-2.087458
-2.4678271
1.4096399
-3.7839987
-3.5300741
-2.5545697
-2.438062
-2.8596293
-3.9727903
-3.9868031
-3.7227711
-3.3847918
-1.6889529
-3.5854941
-2.2163114
-1.8342038
1.2554776
-3.0110965
-3.4191724
1.1994208
-1.2920836
-2.2064329
-1.9213066
-1.7135841
-2.0900385
-2.281039
-2.0398715
-2.7050053
-2.6609277
-2.6609277
-2.5933895
-3.1639997
-3.0638079
-2.3060222
-2.861072
-2.5076563
-2.790344
-3.4580127
-3.1852492
-3.1659485
-2.4782266
-3.2052998
-3.0920176
-2.2031438
-2.6797334
-2.3048911
-2.678362
-2.3339716
1.7265057
-1.449735
-1.9582002
1.6485887
-2.1696928
-1.8201322
-2.090361
-2.7772715
-2.8325312
1.5766461
-3.2485755
-2.8722467
-3.84292
1.8946229
-0.8947737
-1.5785293
-1.905212
-1.9275166
-2.9526839
-2.6472645
2.0536162
-1.975355
1.5400594
0.76474504
-3.0440933
-3.5650876
-2.1810395
-2.129632
-3.5127059
-3.4139424
-2.868054
-3.2214022
-2.5054257
-3.5791502
-3.9432982
-3.8541891
-3.2839613
-4.8052518
-3.8763056
-3.1171056
-3.9518582
-3.7246778
-4.2799514
-6.1874143
-3.3601444
-3.8879812
-2.7526155
-3.0625882
-2.8524835
-2.3906261
-2.8349222
-3.0459638
2.0622196
-1.7073077
-3.0323311
-2.7039857
-2.6745669
-2.5009636
-3.2553811
-3.5005911
-3.3149852
-2.4938355
-3.4820083
-2.9169733
-3.8402602
-3.0288695
-3.658898
-3.3812844
-3.2846825
-3.3529762
-3.8328822
-3.8328822
-2.9272887
-3.2486105
-2.8517523
-2.9041533
-2.7512636
-3.5928415
-3.9570975
-4.1018129
-3.6620553
-4.0367415
-3.8718226
-3.7071537
1.237602
-0.95121192
-1.2971152
-2.5973433
-2.5743378
2.2184874
-2.1604715
-2.0501508
-2.8098337
-2.3792644
-2.485664
-2.9201445
-3.7451552
-2.921774
-3.2014944
1.8791333
-2.8056102
-3.2717481
-2.4413262
1.1717368
-1.3603539
-1.9980752
-2.1889278
-2.6217774
-2.9229101
1.0501486
-2.0480541
-1.3338314
-2.6058838
-2.371029
-2.8372595
-2.5171515
-3.4912252
-2.9684318
-3.5308976
-3.3781777
-1.5253832
2.2701955
-3.0062645
-2.616032
-3.1248459
-1.9946281
-2.5968369
-2.8568978
-2.4928534
-2.9444343
-3.299332
-3.7715307
-3.0841513
-3.1881123
-3.4172581
-3.6183528
-3.9955308
-3.2217294
-4.7285039
-2.8930938
1.2128901
-2.101615
-1.9435836
-3.1283173
-3.2383361
-3.790779
-3.5404949
-2.2427358
-3.7698456
-3.6821176
-3.174011
-2.5971612
-2.5549722
-2.7800823
0.76769799
-2.7270693
-2.5569382
-1.8596236
0.65083842
-2.361267
-2.7340843
-3.7771745
-3.2496809
1.7300192
-0.35679781
-0.88007468
-2.600185
-2.2794842
-3.2822958
-2.3842185
-2.4854446
-2.1593073
-2.8119773
-3.1795921
-3.7142722
-3.1102919
-3.4834713
1.8602607
-1.7168357
-2.0291344
-1.5190808
-3.3093784
-3.3007824
-2.1987535
1.7548725
1.7882779
-1.6301604
-2.1612737
-2.5995653
1.6606301
-1.258232
-1.8937287
-0.53762891
-2.2342295
0.98102203
-3.4850191
-4.6823232
1.5275443
-3.3909931
-2.2969888
-1.1177395
1.6351153
1.8408925
-2.1242338
-2.7411097
-2.0842311
-2.4796062
-2.469515
1.1556182
-2.3623005
-3.3855001
-3.2508795
-3.0499902
-3.3269618
2.1456971
1.4410154
-2.7873971
-3.1502631
2.270155
1.4998349
-3.1068103
1.4611142
-2.1925432
-2.788275
-3.1238047
-2.2900967
-1.8673126
-1.9380202
-2.583702
-2.8477251
-0.87878414
0.0021632803
-3.0565656
-2.8279263
-2.5457845
-2.7147384
-3.3438467
-2.43156
-3.4689115
-3.0907417
-3.6329643
-3.5378176
-3.4047857
-2.4368026
-3.7155004
-4.0047702
-3.7661177
-3.7504091
-3.8965148
-4.0082785
-4.0273584
-4.0445749
-3.8050294
2.2485071
-1.8284669
-2.7103925
-3.2363921
-2.648591
-2.649798
1.4836527
-2.7941593
2.3393941
-0.58294366
-0.38899586
-1.3964307
-1.9610169
-2.8299732
-2.8821353
-2.8517917
-2.2381545
-1.1619592
-2.2309773
2.0304817
-3.0748381
-3.2396356
1.5339342
1.5201814
-2.238599
-1.9807002
-1.8510642
-2.955006
-3.0447593
-3.7853242
0.30410305
-2.2028702
-2.0450196
0.85537013
-2.8906251
-2.7968397
-3.5414842
-3.4189441
1.7968961
-1.4648177
-1.4064624
-1.8804456
-0.75213509
-1.183058
-1.8361041
-1.1415402
-1.8941149
-1.8951336
-2.2702085
-2.1414532
-2.4932296
-2.1854107
-3.0605234
-2.4436446
-1.4507749
-2.635782
1.9313983
-2.936005
-3.2111906
1.5460423
-3.0801868
-2.9614826
-3.2056965
-3.1557149
1.9726253
1.8574608
-2.261007
-3.3062404
-3.0529535
-2.8145475
-3.5421444
2.2213283
-2.2550668
-4.2386653
-3.2082197
-2.3010736
1.9556517
-2.1319105
-3.0126368
-1.5257889
-1.6087295
1.5281595
-1.7949404
-3.5769294
-3.3809515
-2.4091394
0.21735788
1.5298657
-2.9644165
-3.2682148
-3.7894625
1.7808599
-2.7381585
2.0427252
-2.3007348
-2.8573904
-2.3609152
-2.8991175
-2.5594576
1.935855
-2.9292757
-2.4540004
-2.9503761
-2.831986
-2.8819082
-2.7449998
-4.0741218
-4.9290558
-3.0120621
-3.381307
1.1423219
-2.4514095
-3.2208732
-3.2398686
-2.9057444
-2.8442466
-3.4357179
-3.721315
-2.693948
-3.4613872
-2.1008309
-3.400761
-2.3895991
-4.0455831
-2.9737385
2.0879503
1.3381341
-2.6529911
-1.1809396
-2.4276236
-1.6327968
-2.7666491
-0.3465796
-1.8527111
-1.3528443
-2.219666
-2.1309075
-2.5741086
1.4631802
-2.4178019
-3.0132496
-2.6425121
1.924996
-1.9613622
1.3131981
-2.3606879
-2.4820568
-2.6831603
-2.6294209
1.1865857
-2.9090514
-1.7280298
-2.9771807
-2.7071706
-3.8756401
1.3619449
-3.720109
-2.3577815
-3.342498
-3.2513563
-2.9471828
-1.5739252
1.0592905
-1.6726393
-1.4794483
-2.1460669
-2.1396124
-2.2546445
-3.252913
-3.5440004
-2.8261757
-3.8437488
0.51200675
-1.874832
1.3023818
-2.1438342
-3.6633921
0.46432488
-2.9663954
-2.1761888
-2.5564478
1.4761441
-1.9832484
-2.9869406
-2.3595937
-2.4189056
-1.9982246
-2.0659424
-2.9925229
-3.4289323
-2.7785972
-2.6763003
-3.0345441
-3.0827197
-2.8173206
-2.2531482
-2.1318155
-3.3708519
-3.0883521
1.6837962
-2.7778125
-2.6754842
-3.1736882
-2.4816084
-3.8730859
-2.9169854
-3.3016329
1.5225154
-1.9434173
-2.4710845
-2.8997695
-3.4450399
-4.026115
1.9635181
-3.4240656
-2.0343128
-3.0410132
-3.4751006
-4.1167702
-4.3716505
-3.1664035
-3.0364161
-3.5598233
-4.1844729
2.2827898
-2.6551633
-3.4936862
-4.0102591
-3.283889
-4.259573
-4.0508057
-4.317716
0.19310341
-1.2402814
-2.8712466
0.92118564
1.6897373
-2.1687343
-2.4359996
-2.896337
1.7525431
1.6692973
-2.5854638
-2.8828803
-2.3390548
-1.0835965
0.16817909
-2.7169162
-2.4304182
-2.3811493
-2.2453084
-2.2950607
-2.3835898
-1.6036976
-2.3804778
-2.4629095
-2.1378189
-2.2628827
-2.4662026
-2.8097084
-3.030672
-3.2828623
-2.1474446
-3.0371757
-2.8706928
-2.8921194
-2.5796801
-2.6486571
-2.8201602
-2.0235585
-2.5521298
-2.9275469
-3.1355344
-2.3929393
-2.6280235
-2.9055945
-2.3992473
-2.7492801
-1.7546004
-3.0949561
-2.3229245
-2.9417032
-2.7717161
-2.6979065
-2.7487237
-2.6255977
-2.3873426
-2.9412942
-2.9052653
-3.1505215
-2.9333427
-2.8625289
-2.8971102
-2.8478413
-2.7767974
-2.5179823
-2.1993637
-3.228405
-2.9752995
-2.1715932
-3.4921469
-2.7424096
-2.5291562
-3.5139305
-3.1794114
-2.7353586
-3.3042119
-3.2731453
-3.0543476
-2.6888292
-2.3996131
-2.8363254
-2.6069964
-3.3288713
-3.2463311
-2.8571293
-2.8902472
-3.1677984
-2.7398128
-2.7000161
-2.4871329
-3.416312
-2.9448917
-2.7505512
-2.8442851
-2.8753517
-2.6760454
-2.5660388
-2.7682135
-2.3754531
-2.284749
-4.1047362
-3.0000772
-2.9281111
-3.1601879
-3.1090903
-3.028218
-3.5718424
-2.4172579
-2.4879379
-2.9381281
-3.5561968
-3.2073034
-3.0822397
-3.0724576
-4.3701015
-4.5480586
-3.4675595
-3.3866097
-3.7555031
-3.6976224
-3.3628817
-3.3246631
-3.254915
-3.0517155
-3.9687412
1.3185923
-1.8443082
-2.2558216
-2.1214298
-2.5780572
-2.5682421
-3.1768939
-2.6116168
-3.0871726
-3.8844052
-2.9447134
-2.372855
-2.3242477
-2.3553142
-3.0975636
-2.6677535
-3.2055402
-2.6755383
-2.2673138
-2.7296681
-3.144789
-3.520036
-2.6477838
-2.5979907
-3.3208903
-3.5991978
-3.8674025
-4.0102397
-1.5698792
-2.0057734
-2.5391759
-3.3816944
-3.1322922
-3.7779081
-4.2382778
-2.8519389
-4.5437959
-1.79522
1.9881764
-0.66024308
-2.8464484
-2.5371945
-1.7071989
2.0405
-2.9272163
-2.9925175
-2.5817235
-3.0532387
-3.576819
-3.4737208
-2.8655689
-3.3454749
-3.3703469
-2.7695292
-3.874805
-2.7149074
-2.59301
-2.5078097
-3.2370581
-3.1640369
-2.8089134
-2.9239942
-2.806233
-2.6176234
-2.807379
-2.8320306
-3.7557166
-3.4331683
-3.2035555
-2.392208
-2.7675127
-2.6310419
-2.8253191
-3.1349973
-3.2350097
-2.9101552
-2.4228405
1.4319649
-2.8170679
1.3376857
-3.1781108
-2.6909425
-2.5596873
-2.8018156
-2.0061667
-2.5458844
-2.9283611
-2.2574209
-2.2820834
2.5345038
-1.9699997
-2.6820487
-3.7743272
-0.48915068
-1.3030114
2.3703692
-1.6712871
-2.9827018
1.3988454
-1.8620623
-2.277834
1.4240798
-3.5415324
-3.5186376
2.4476177
-2.3130665
-2.5182514
-3.065425
-3.7253127
-3.4141412
-3.0488416
1.9575126
-2.3383027
-2.6026084
-2.439936
-2.7735635
-4.0053819
-3.1829728
-0.55016407
1.492769
1.2254435
-3.520884
-3.1990886
1.9806552
-2.6422235
-2.3698269
-1.3403726
-3.6470981
-1.886937
1.0490093
-2.9504447
-3.104883
-3.3358528
1.9915279
-2.7131846
-3.54213
2.158028
-2.266889
-3.6014714
-1.6908986
-3.4243477
-2.0840256
-2.2834317
-3.4068743
-2.6833654
-2.0816107
-1.594348
-0.033498825
-3.3953369
1.7421569
1.1617476
-3.0972163
-3.7761049
-3.2363012
-2.1788115
-0.17574798
-1.0537253
-4.0623165
-3.1183133
-3.3250833
-3.2726571
0.82078153
-2.8403471
-3.0545655
-2.9144883
-2.5647607
-3.1046631
-3.7546461
-1.8230223
-1.4825645
-3.0852927
-2.4865095
-2.9296729
-2.6397829
-3.8031069
-3.8898949
-3.1820394
-1.7682053
1.8102779
-2.1117236
-2.2939787
1.8631034
-2.1053333
-2.6411262
1.1080993
-2.8380898
-3.4137423
-2.9733807
-2.5933328
-2.9418446
1.4658689
-2.2616909
-2.6628536
1.0942246
-2.6857126
-2.1105693
1.5832684
-2.099629
-3.3282498
-2.5666092
-1.4715209
0.58866476
-2.8126404
-2.0765291
-2.3811492
-1.9869796
1.9450218
-1.9831593
-2.8785256
-3.0955682
-2.7942818
-2.6169458
2.6408381
-2.876574
-3.3770458
-3.0534882
-2.9049199
1.5490703
-3.0911374
-3.7333655
-2.886627
-2.8627893
-2.8901778
-2.3916229
-2.7820176
0.89404898
-2.0366077
-1.8496584
-1.3084358
-1.8381249
-2.308188
-1.9957487
-1.8381249
-1.6926737
-2.6453112
-2.3126331
-2.4376969
-2.4825567
-2.6932598
-2.6932598
-2.5667025
-2.8831759
-2.2301181
-2.5321445
-2.3605967
-1.6213051
-2.7780303
-2.4918647
-1.9818838
-2.1522335
-2.4025906
-2.2247109
-3.3143018
-2.3568123
-1.6883117
-1.7086139
-1.911202
-2.1524863
-2.9072407
-1.3792911
-1.8308474
-2.6480804
-3.2063614
-2.6111623
-2.5363031
-2.0719557
-2.8134971
-1.9119488
-2.0912294
1.9675669
-1.7497326
2.4512446
-0.5206333
-1.8643755
-1.0118758
-1.3676251
-1.8429681
-1.5172399
-1.8296791
-1.8063939
-1.8042852
-1.8042852
-1.4667886
-1.3853205
-1.3597226
-2.6801041
-1.3452811
-2.2824149
-2.7891463
-2.4040207
-2.386721
-2.7941589
-2.2234594
-3.7813147
-2.0450842
-2.5893746
-1.1767031
2.6735994
-1.9167112
-3.2622611
-3.3594704
-3.6362211
-3.2866707
-1.4146246
2.0816391
1.4122755
-2.9814908
-3.1730089
1.6776618
-1.8863854
-1.4360509
-2.3867532
-3.1924054
-3.2451078
-3.4212386
0.85426316
-3.3335313
-2.7894863
-3.5206317
2.2740899
2.0052175
-2.0160289
-2.1528263
-2.7107465
-2.5395475
-3.5116773
-2.9966113
-3.5041362
-3.6692551
-3.4280405
-3.9502324
-3.2955102
-2.4022205
-2.7564636
-2.4844992
-3.8231224
-3.4741436
-3.2789346
-3.2700398
-2.7485779
-3.0288053
-3.0121748
-3.1891826
-3.4990986
-2.525393
-2.3260868
1.8525296
-2.7757649
1.5411868
-1.3393569
-2.4538861
-3.1329524
-2.5566357
-3.8285885
2.3959558
-2.2155336
-3.4321736
-3.6529111
-1.7049885
-2.6710517
-3.785207
-2.4521875
-3.8104974
-3.0625394
-3.5387058
-3.287879
-3.6602346
-3.1886921
-2.726565
-0.9803526
0.84322755
-3.025462
-3.542021
-4.0146984
-3.9511717
-2.4777708
1.4589545
-2.0830861
-2.3156653
-2.2043688
-2.6347228
-3.0242529
-3.1708587
-3.5035224
-3.3628102
-3.0008106
-3.0305201
-3.4117887
-3.4941279
-3.7961542
-2.915852
-3.138198
-2.8716825
-3.5936237
-3.5936237
-3.0313201
-2.3287831
-2.4274715
-2.4670243
-2.4505874
-2.2560005
-3.3232305
-3.05909
-2.1434205
-2.9572391
-3.0556538
-3.0185292
-3.6483203
-3.9533834
-3.86727
-3.4495515
-3.5249569
-3.0643248
-3.5063127
-3.4718857
-3.4718857
-4.1361628
-3.4464763
