-3.9490703
-2.3104921
-2.3104921
-2.3757047
-2.3653789
-2.378303
-2.9281561
-2.9281561
-4.2765728
-4.2765728
-2.0532558
-2.0532558
-4.6169706
-4.6169706
-2.2872666
-2.2872666
-2.1254694
-2.1254694
-3.3089692
-3.3089692
-3.0197146
-2.308317
-2.308317
-2.1097032
-2.1097032
-3.4966667
-3.4966667
-1.3478328
-1.3478328
-2.3584584
-2.0744435
-2.0744435
-1.860731
-1.860731
-3.98738
-3.7306938
-3.1884469
-1.85548
-1.85548
-3.0198693
-3.2404636
-2.3396176
-2.5847271
-2.418769
-2.418769
-1.856566
-1.856566
-3.6499556
-2.8885743
-2.8885743
-2.68654
-3.8692426
-2.5389404
-2.5389404
-2.1260484
-2.1260484
-2.1337806
-2.1337806
-2.057598
-2.057598
-1.7764369
-1.7764369
-4.5485874
-4.5485874
-2.4992792
-2.4992792
-3.4713466
-3.7018751
-3.7018751
-1.8436709
-1.8436709
-3.4134659
-3.4014272
-1.5759205
-1.5759205
-3.0290153
-3.0290153
-2.0336852
-2.0336852
-3.1906467
-3.1906467
-2.9837532
-2.3539503
-2.3539503
-3.0978021
-3.4406698
-3.4406698
-2.4796253
-2.4459167
-3.4930919
-2.1681414
-2.2501206
-2.2501206
-2.7737913
-2.7737913
-2.6329014
-3.7332312
-3.7332312
-2.4381711
-4.055518
-4.055518
-1.7412281
-1.7412281
-3.0512865
-3.1083943
-2.5671068
-2.4407106
-2.6673346
-2.5494085
-2.5494085
-3.6150475
-2.7753145
-2.3023962
-2.3125954
-2.0217708
-1.665011
2.1174179
-2.3228163
-2.6344019
-2.8903541
-3.4454509
-3.0365845
-1.9240327
-1.9240327
-2.5977285
-3.4082085
-2.2784579
-2.7254685
-2.9485347
-3.9287739
-3.6515588
-1.9342993
-2.6273809
-3.4784404
-2.4234603
-3.2468238
-2.5383284
-2.9550581
-2.5154325
-2.4278412
-4.1451434
-1.814195
-1.7495227
-2.765659
-3.3942153
-2.6428816
-2.6324287
-2.5448581
-1.9062165
-2.4750254
-2.0425358
1.6017859
-3.1762009
-3.4569642
-2.6946953
-3.2301144
-3.1928401
-3.2335878
-3.1965676
-2.8789299
-3.2193728
-2.9070939
-3.2013147
-3.3576557
-3.1823713
-3.0499606
-2.4452395
-2.8406375
-3.450204
-3.163438
-3.1582751
-3.1101203
-2.4495459
-3.9096431
-1.9833329
-3.12503
-3.2291454
-2.764095
-3.1697606
-3.3391469
-3.2296931
-3.1780719
-3.485767
-3.4981723
-2.4697163
-2.4167631
-3.4008697
-3.6431697
-2.6411327
1.8149967
-2.7297086
-2.551118
-2.0316679
-2.7938542
-2.7938542
-1.4471363
-2.7191424
-3.0473915
-3.0680697
-1.7497339
-1.7801575
-1.3465795
-1.1637736
0.79018441
2.021882
-2.9286967
-3.2366223
-3.2981105
-2.751801
-2.751801
-2.7712945
-2.7712945
-1.9666271
-1.9666271
-3.0433166
-2.0925793
-3.0012231
-2.3193537
-4.3440165
-3.3858243
-2.8283397
-2.8283397
-2.4670599
-2.689218
-3.2521954
-2.6692398
-2.0614761
-3.303891
-3.303891
-1.8920137
-1.8920137
-2.4292893
-2.9795813
-2.1997953
-3.8813952
-3.0503259
-1.5901345
-0.78698923
1.4584264
-1.2545969
-1.3202117
-2.1968204
-1.5618961
-2.4017412
-2.6908009
-2.4190324
-2.2510336
-2.6618071
-1.1208996
-3.1159044
-2.3502833
-2.653045
-4.1190086
-1.474283
-1.4008383
-2.4184568
-3.075194
-3.3660502
-3.6929438
-2.8041888
-3.3287991
-2.5496071
-2.6344396
-1.8874356
0.25749858
0.48315397
-2.1686015
-1.5333049
-1.9441922
-1.4787212
-2.0392149
-1.9600626
-1.5176998
-2.3104536
-2.0698373
-1.660204
-2.9091454
-2.5655607
-2.9624277
-3.3347941
-3.2402476
-3.4958487
-2.3863981
-2.3863981
-1.9612898
-3.5329605
-3.3488733
-3.0241475
-2.7862987
-3.1100473
-2.9264746
-3.0147166
-3.1019479
-1.5699194
2.2763479
-2.6113933
-2.2638358
-2.7792022
-2.7775567
-2.3246389
-1.9152414
-2.2065694
-2.9628995
-2.910615
-2.6526536
-2.559167
-2.9826291
-2.8493293
-3.0824194
-2.1073592
1.7407962
-2.7794973
-2.4675687
-2.287985
-3.1876445
-2.2810412
2.2292019
-4.3305357
-3.0636328
-3.0636328
-2.6997185
-2.6997185
-2.3772411
-2.7989932
-4.2311156
-2.1770019
-3.1376109
-3.1376109
-2.9230916
-2.4346138
-2.4346138
-2.9873921
-2.7327226
-2.4173727
-2.4068938
1.3649956
2.8940219
-0.98799978
-2.0678451
-2.0678451
-2.0298119
-2.0298119
-2.7490438
-2.3126215
-2.8331969
-2.703142
-2.703142
-3.4697084
-3.4697084
-1.5501246
-1.5501246
-2.1070257
-3.5081639
-3.5081639
-2.0830052
-2.0830052
-2.7520371
-2.7520371
-3.247767
-3.247767
-2.1952973
-2.1952973
-2.7291588
-2.7291588
-2.3750218
-2.3750218
-2.3518196
-2.3518196
-1.1509762
-1.1509762
-3.2018042
-2.8541051
-1.5971672
-1.5971672
-2.8929558
-2.8929558
-3.4694785
-2.4737487
-2.4737487
-3.1335503
-2.3072245
-1.7467545
-1.7467545
-3.1077402
-1.7463985
-1.7463985
-2.5989374
-2.5989374
-3.0442087
-3.0442087
-2.2462148
-2.2462148
-2.4229811
-2.4229811
-2.7735032
-1.426097
-1.426097
-2.8762087
-2.4060999
-2.4060999
-1.7319617
-1.7920324
-2.7071483
-2.7071483
-1.8139813
-1.8139813
-2.9473862
-2.8142979
-2.8142979
-2.7657432
-2.7657432
-1.9621193
-1.9621193
-2.3841823
-2.3841823
-2.3345697
-2.3486596
-3.6229312
-2.7621524
-2.8051702
-2.6589186
-2.6589186
-1.9275613
-1.9275613
-3.2925821
-3.2925821
-1.644328
-1.5770116
-2.220027
-2.1056999
-1.6167535
0.17525856
2.1751788
-2.8721322
-2.4912828
-3.0345343
-3.0106014
-2.7554179
-2.7659336
-3.3936978
-2.166587
-2.2549011
2.2531493
-2.1473553
-3.0361613
-2.088544
-2.2913219
-2.848624
-2.9484001
-1.7033748
-1.7033748
-2.6110504
-2.3634354
-3.0250645
-3.9195783
-3.1958744
-2.5711126
-1.7774068
-1.7774068
-3.1931396
-2.3012081
-2.5469895
-1.8770587
-1.883903
-1.883903
-1.817551
-2.0549924
-2.2232574
-1.8524721
2.2606042
-3.5580712
-3.0047234
-2.8317903
-3.8132415
-4.0355598
-2.1217236
-1.996091
-3.2091779
-2.3017531
-3.245517
-2.5117964
-2.491155
-1.92544
-3.0016624
-2.2508203
-2.6449849
-2.6466451
-2.0386552
-2.6593716
-1.6574344
-2.1478703
-2.7498021
-4.0331822
-2.6253963
-2.7325583
-2.5630309
-1.9616092
-2.1787266
-4.0862875
-2.6197318
-1.6412644
-1.8467337
-1.9680779
-1.9454261
2.0137625
-2.9430356
-3.243932
-2.4442149
-1.3910177
2.2208393
-2.3614953
-3.2881692
-2.6401742
-3.439256
-2.5860531
-1.9633537
-2.9390338
-2.3058982
-3.5043667
-2.6287952
-2.5963522
-2.5963522
-4.1310128
-3.0743601
-3.3819791
-2.4232079
-2.9062678
-2.8596296
-3.04743
-1.7612331
-1.7612331
-2.8348279
-2.1620009
-1.5466947
-0.88681658
1.5404197
-1.86553
-3.0017055
-2.5603794
-2.8058571
-2.5075616
-2.1870592
-1.7654329
-2.713147
-1.9205719
-1.8150468
-2.1147036
-2.0711493
-3.0795504
-1.8554694
-3.1081399
-3.1089963
-2.5347547
-3.401734
-3.0467356
-2.5423239
-2.4179337
-2.5434904
-2.6991165
-2.2196609
-2.5106669
-1.7943643
-3.2987356
-2.367826
-2.4716088
-2.7196129
-2.6157636
-2.6434098
-1.6613072
-2.9655745
-2.3325663
-2.4380285
-2.9500858
-2.7139374
-2.0686972
-3.6896251
-2.9856675
-2.0698265
-2.2991577
-3.0455179
-3.9105598
-3.3309941
-2.1251185
-3.6304326
-2.2499217
-2.9222804
-2.3620541
-2.2802272
2.1038955
-0.49774917
-0.96774151
-2.9839026
-1.8443813
-3.9949775
-3.9417421
-2.2772384
-2.0639385
-3.9982998
-3.5176997
-3.4356056
-1.8747957
-1.3939632
-0.6860244
2.1578008
-3.5524156
-3.518707
-1.6885517
-2.4951205
-2.2759719
-2.0455053
-2.0455053
-1.8208182
-3.5247976
-3.3989822
-3.7374309
-1.8448859
-1.8655641
-3.2643111
-3.2947347
-2.1317278
-2.2920447
-0.67506696
1.9232742
-2.8262638
-3.1556309
-3.2450195
-3.2730593
-3.1057798
-3.0506118
-2.5618447
-3.8924415
-2.8809981
-2.4282524
-1.8582264
-2.2464365
-2.3950844
-2.4306215
-2.4252984
-2.5352071
-4.1711259
-2.3444575
-2.5684449
-2.8342033
-2.6199947
-2.6914115
-2.6226457
-3.0755549
-3.0260601
-3.3414967
-3.2024229
-3.1636532
-3.4532674
-3.2680571
-2.4542806
-1.6448594
1.6364283
-2.868613
-3.5637684
-1.9946857
-1.8109135
-3.7649732
-2.2370239
-1.5712653
-2.3175314
-2.9224603
-1.4886238
-2.2862264
-3.0845638
-2.2690996
-1.9887255
-1.8269782
-1.5632314
-2.0202768
-2.5067004
-2.9236416
-3.3784784
-2.4581128
-2.9607149
-2.2148053
-2.641247
-1.7246373
-3.2300187
-1.881821
-2.732049
-1.9548803
-2.2415644
1.3742562
2.2558404
-2.6993424
-2.7772683
-3.2734009
-2.6927872
-2.2610296
-2.014757
-2.3668877
-3.8550307
-1.9587834
-2.4153772
-3.2969286
-3.2372196
-2.6130734
-4.0371335
-2.8009854
-3.2534808
-2.1587418
-4.2486066
-3.3718288
-2.6201843
-2.4071188
-2.9772023
1.4327249
-3.5188587
-2.8767495
-2.8767495
-2.9006009
-2.9006009
-2.6642865
-2.6642865
-2.5889063
-2.6029963
-2.540383
-3.3162833
-3.3162833
-3.2018326
-3.2018326
-1.8509797
-4.3588492
-3.7535716
-3.9682448
-3.4666966
-3.4873748
-2.3570348
-2.3570348
-2.8175719
-2.449234
-2.0554381
-3.2124337
-1.8537324
-2.6609075
2.1563264
-2.627838
-4.3290921
-2.045353
-2.045353
-2.5178124
-3.0172357
-2.6760795
-2.7122246
-3.2701187
-3.2701187
-2.4275683
-2.4275683
-2.4890347
-2.1609221
-3.2689162
-2.0686249
-2.384806
-2.384806
-2.562392
-2.9055357
-2.4826762
-3.5435749
-3.6417503
-3.6417503
-3.6200387
-3.6200387
-3.2100215
-3.0092126
-2.4240337
-2.8482088
-2.65912
-2.8784588
-2.7671549
2.2012707
-2.7482074
-2.0472062
-2.8279192
-1.9659285
-2.4715494
-2.5361504
-2.2672056
-2.2672056
-2.432724
-2.9898016
-3.7247668
-3.0570681
-3.3105533
-1.8538476
-3.5661586
-3.1463865
-2.0571012
-2.9507388
-2.4832333
-2.54429
-3.0666011
-2.9992847
-2.3083803
-3.8807689
-2.6789991
0.61413827
-2.8532945
-2.0787293
-2.0660957
-2.1602862
-2.4823616
-1.4531072
-2.6941665
-3.6058644
-3.6058644
-2.5849012
-2.627919
-2.9149948
-2.935673
-2.4375088
-2.0994026
-3.7511869
-2.2769409
-2.1300552
-2.9171417
-2.5383249
-1.4150925
1.3953839
1.9459857
-3.1671327
-3.7726635
-1.6764507
-1.6764507
-1.8249595
-3.3878684
-2.4747426
-1.4367689
-1.4367689
-2.208204
-2.2653118
-1.8965371
-1.8965371
-2.0440163
-2.9263385
-2.8804973
-3.7097359
-3.4490695
-2.4460065
-0.85559572
-0.17195789
-0.2022838
-2.9282135
-1.9725748
-2.1448414
-1.5967412
-0.99349548
-0.3347328
-1.6527793
-1.7063391
-2.5961992
-1.7866042
-2.5920722
-2.4168014
-3.6154216
-2.9808271
-2.8421435
-3.3031598
-3.4347263
-2.8299181
-2.7950404
-3.7045271
-2.72555
-2.9297481
-4.1240596
1.3446254
-2.0095373
-2.6134509
-3.0608211
-2.3907332
-2.1527342
-0.5848799
-1.7137265
-1.7137265
-1.4321422
-1.4321422
-4.083993
-2.3167074
-2.6689673
-3.0183159
-3.9665868
-2.8430384
-2.8430384
-3.1821958
-3.7854307
-2.2767843
-1.6072833
-1.4800929
1.3071626
2.1887467
-2.8738414
-1.5957134
-1.6301757
1.6766391
-2.8453057
-2.5527716
-2.5071036
-3.1594271
-3.1594271
-2.0223928
-2.4273752
2.3401479
-2.0626754
-2.9704259
-2.5985513
-3.1199315
-2.8990971
-1.9020177
-2.2703732
-1.1469916
-2.8245268
-2.7908182
-2.5747747
-1.9567049
-1.9567049
-1.9161008
-2.3879069
-3.0763808
-2.2896793
-3.800214
-2.53986
-2.53986
-2.433862
-2.2292009
-2.3194643
-2.3633493
-3.4902467
-3.0498586
-1.288487
-2.4526918
-2.6572055
-2.5810682
2.3950896
-3.3205768
-2.2268565
-3.0163798
-3.7565845
-3.0924881
-2.5849506
-2.2633815
-2.7730296
-3.8422139
-2.8788589
-2.5847719
-2.5655744
-3.1589239
-2.7167779
-2.7167779
-2.6887423
-2.3332268
-3.2074973
-2.2310074
-3.3129713
-2.3064397
-2.3271179
-3.2055323
-3.2055323
-2.5292242
-0.99841653
-0.34413323
-2.5074624
-1.7062631
-1.1544464
-3.2787259
-2.6181113
-2.4103962
-2.2373797
-1.7755593
-3.5439996
-1.8016882
-2.2166524
-1.9414648
-1.5314402
-2.4638001
-2.2894314
-2.4356874
-3.1273149
-2.9793261
-1.7226345
-2.4400666
-3.2031963
-1.9916342
-2.2193592
-2.8494969
-1.8238556
-2.2527945
-3.8803377
-2.4729937
-2.2168143
-2.2168143
-2.4848864
-2.6993912
-3.1199878
-2.4803577
-2.6840207
-3.756835
-2.0621482
2.4997496
-4.4568657
-4.3230996
-2.6167462
-2.6167462
-4.0135107
-3.6680336
-3.2165559
-3.2165559
-2.7108431
-3.446506
-2.5177245
-2.5607423
-3.8779736
-3.2438629
-2.599934
-3.8846557
-3.8477629
-3.6477162
-2.3531165
-2.9501025
1.6959853
-3.4314349
-1.8748567
-2.3005357
-2.2979898
-3.1738099
-3.6486957
-2.7344187
-2.5476879
-3.6482793
-2.4608928
1.8867908
-2.4203198
-2.3866112
-2.7643679
-1.9125515
-3.7029343
-3.6523232
-3.6523232
-2.9938403
-1.9164131
-2.4671301
-4.1236571
-2.7000388
-1.92135
-1.331375
-1.49964
0.01791765
1.7235384
-3.4731435
-3.2582373
-3.2582373
-3.1788443
-2.7692541
-2.0726452
-2.3602928
-1.637986
-1.2784118
0.80989922
-3.8969773
-2.7797394
-2.4127611
-2.8044862
-2.4596922
-2.0091608
-2.2894391
2.0363336
-2.5844095
-2.7612731
-2.4126475
-2.4126475
-2.8152939
-2.8152939
-2.7647382
-2.7854164
-3.1710583
-2.5373158
-2.4864274
-2.1180896
-2.0007545
-2.0981984
-1.2789167
-0.70481127
1.3271713
-1.2132513
-2.4503843
-2.1244204
-2.1244204
-3.0051311
-2.9733341
-2.987424
-3.7679545
-2.4763793
-2.6555079
-2.3942097
-2.2151739
-2.9115325
-3.5497276
-0.83416743
0.65626386
-3.2042507
-3.2042507
-3.9098841
-4.5869188
-3.6291288
-3.9629868
-3.9629868
-2.8561776
-2.7538275
-3.8448618
-2.2781557
-2.5852697
-2.2956122
-2.5112066
-2.2161235
-2.760052
-2.8281869
-0.33508361
-1.4073714
-2.6348726
-3.3702114
-3.4973709
-1.9153607
-1.9153607
-2.6867739
-2.2098596
-2.2840202
-2.9101375
-3.3438897
-3.3069969
-2.4489443
-2.4166207
-1.9560129
1.8934548
-3.7307804
-3.2919767
-3.8213237
-2.3963501
-2.8685765
-2.7837078
-2.8260013
-2.7103711
-1.8018476
-0.63343666
-2.5107052
-2.3674586
-2.3847866
-2.2890029
0.71580597
-3.4051916
-3.1329295
-3.0992857
-2.0309028
-2.0309028
-2.7349759
-3.1843184
-4.05959
-1.985942
-1.985942
-2.3214027
-2.6432588
-2.6432588
-2.2956334
-3.2128082
-3.7354414
-1.2234051
-1.7895813
0.089501606
2.1440055
-1.7446142
1.320648
-2.0656802
-2.8053319
-2.1350913
-3.0339118
-2.9041346
-3.3927646
-1.5087332
-2.9900822
-2.9932305
-2.7028266
-1.7163378
-3.8690931
-2.7256219
-2.7256219
-3.2143776
-3.3421682
-2.3945509
-2.9683936
-2.9775613
-3.7166741
-2.2370066
-3.7083629
-2.6759938
-3.0496246
-1.7480495
-1.7690162
-2.7942337
-2.8853142
-2.3792948
-3.7774992
-2.595272
-2.7493271
-2.7957349
-2.4336188
-1.975238
-1.6262139
1.9530505
-2.7297297
-2.7724197
-2.707414
-2.3505554
-2.8822437
-2.3652978
-1.911338
-1.9742335
-1.9685502
0.6333208
-2.8453646
-2.6170789
-2.4486497
-2.4486497
-2.6553736
-3.5479181
-3.0737015
-3.0737015
-2.7388404
-2.7388404
-1.8787504
-2.8817664
-2.9081286
-3.2194979
-3.3586256
-2.4314343
-2.4314343
-1.838598
-3.1709745
-2.3681758
-2.3681758
-2.1943663
-2.2100537
-2.2100537
-3.8703036
-3.2520088
-3.2950266
-2.493275
-2.493275
-3.0989548
-3.7147744
-3.7147744
-3.292633
-3.029076
-2.9617596
-4.2537536
-3.2353539
-3.224875
-3.9407177
0.22640082
1.245235
-2.9204139
-2.7040848
-3.7363875
-2.7841676
-2.7474724
-3.4407124
-3.4946573
-3.3069519
-3.5313525
-3.298892
-2.6409565
-3.2808975
-2.7588237
-2.7402911
-2.8776219
-1.5630386
1.6482942
-2.2990763
-3.5195097
-2.0627715
-1.5154528
-2.2646425
-2.7112951
-1.7155839
-2.2631718
-0.55585536
-1.3633015
0.90160833
-1.1320819
-3.3659888
-2.4864029
-2.742259
-2.5574942
-3.4423518
-2.2056202
-2.4484107
-2.8577741
-3.4336108
-3.4536839
-2.4220726
-3.4821475
-2.8299088
-3.2979494
-3.0049034
-2.7960856
-3.8252856
-2.5467989
-1.7344968
1.5954698
-3.1970915
-2.1563316
-2.2692144
-2.290009
-2.8823703
-3.5182259
-1.8136952
-2.4620077
-2.3927575
-2.5915718
-2.9700816
-2.166469
-2.4259366
-2.9439078
-2.57557
-2.7368936
-2.4595412
-2.6892722
-1.9244555
-1.756376
-0.9020546
-1.7095008
0.72299522
-1.6480681
-3.2051165
-3.0051405
-1.594548
-1.852239
-3.5574256
-2.4006434
-2.4006434
-4.1321079
-4.1527861
-3.2451729
-3.2451729
-3.2894752
-2.905089
-1.2255784
-2.0145028
-1.4677431
-1.6556683
0.77476419
-3.4960206
-3.7393321
-2.2798958
-2.9253023
-2.7275472
-3.6287344
-3.953079
-2.2304015
-2.4593091
-2.6827025
-2.1125609
-2.2948174
-2.236995
-2.1501491
-2.8471686
-2.8642083
-2.4560758
-2.6273174
-2.7656097
-3.0334168
-3.09662
-2.3952649
-2.5754326
-2.0662412
1.1497928
-2.9057833
-2.4052829
-2.1908748
-3.1259942
-3.3868264
-3.2238042
-3.0607243
-2.9372438
-2.9470794
-2.7084558
-2.9349035
-3.5561279
-2.8911274
-3.7395764
-2.1371194
0.6455124
-3.4764579
-2.6960455
-3.0773922
-3.081976
-3.1120343
-2.8556278
-2.8556278
-2.5083505
-3.1624457
-1.6917254
-1.8877056
-0.094781394
-3.0772245
-2.5306214
-3.0786434
-2.987532
-3.8750355
-2.3730859
-2.7349833
-2.9324954
-2.6606836
-2.8166229
-2.3762045
1.6393217
-3.08053
-2.1214343
-2.8895397
-2.0192478
-3.503732
-3.9142484
-1.9475569
-1.8720628
-4.0242256
-3.5716836
-2.0312534
-1.6418378
-2.1089997
-2.4863948
-1.5587546
-2.1199346
-2.3601635
-1.9786703
-3.9011008
-3.262364
0.54097742
-0.78850492
-3.3735633
-2.1815345
-3.1140135
-2.4736706
-2.220645
-2.2066464
-3.1467949
-2.3944384
-1.6923253
-1.6871687
-3.1254114
-1.2088687
-0.29934233
1.83486
-2.5755826
-2.5755826
-2.1059965
-2.1266747
-2.7591796
-2.7591796
-3.0105901
-2.9089941
-1.776793
-1.4817098
-1.8478335
1.0896192
-2.9139458
-1.2176486
-1.0982976
0.82206786
-2.2640477
-2.4742634
-1.1513124
-2.2436267
-4.1513652
-2.3733085
-2.6833086
-2.8685969
-3.3090701
-1.6773548
-1.6773548
-4.2774826
-1.8639975
-2.1443682
-1.8697968
2.4177319
-2.7194691
-2.6632097
-2.6622991
-2.3938107
-2.5895591
-3.4818977
-2.867589
-2.8156032
-3.1741352
-2.8345323
-2.9813796
-3.0735498
-2.5322412
-2.3353899
-2.8933905
-2.4075786
-3.4159637
-3.2230678
-2.8932564
-2.1407468
-3.1399563
-3.2649177
-2.3339913
-2.1370561
-3.5166078
-2.2016884
-3.1906638
-2.683766
-3.0396348
-2.2605251
-2.5958853
-2.585531
-3.0368535
-2.3148021
-3.1008846
-3.0954802
-3.5090638
-2.9065886
-3.6982577
-1.5732714
1.6494085
-3.609965
-1.632368
-3.1149569
-0.5561395
-1.1686335
-0.28490233
-1.801611
-0.33875394
-1.4494866
-2.4772782
-2.4642478
-2.4976405
-3.0332681
-3.0332681
-2.5770215
-1.7351786
-3.7174673
-3.159744
-2.7914062
-2.3440104
-2.6597127
-2.813643
-2.6682713
-2.7702455
-2.9112847
-2.4407416
1.377017
-2.0010242
-3.0403169
-2.84203
-2.4821199
-2.675902
-2.3885742
-2.2846848
-2.5419339
-2.2589015
-2.2589015
-2.8180321
-2.3221401
-2.346999
-2.6440259
-2.3771763
-2.4520689
-2.018829
-2.0340896
-2.4339624
-2.1743476
-2.9355737
-2.0420071
-2.900568
-2.2167409
-1.9032536
-1.8695451
-2.6074154
-2.4437968
-2.3537428
-2.8822231
-2.7331935
-3.1788336
-3.4940983
-2.3809515
-2.6333006
-3.0136006
-3.0136006
-2.5080817
-3.2838293
-2.8707302
-2.9011537
-2.9456204
-3.9082382
-1.7795713
2.8740343
-1.8730839
-1.6598628
-2.402873
-2.5365562
-2.3483946
-2.5722478
-2.2830084
-2.157502
-3.7625848
-1.9887901
-2.0457584
-4.2410912
-2.5826797
-1.574376
-1.5749925
-3.6931545
-2.4613553
-2.413971
-1.5370118
-1.5370118
-2.096893
-1.7206399
-1.0520342
-1.8991281
-1.8131854
-1.7250496
-1.4150827
1.3591941
-3.8369576
-3.6273441
-2.8567261
-2.9487348
-2.48191
-2.48191
-1.998859
-2.2040666
-1.8184619
-1.1358301
-0.47116256
-0.84695095
-1.710311
-1.1204449
-2.3207777
-2.3439987
-2.6815489
-2.5268332
-2.5258514
-2.1679052
-2.8476158
-2.6282207
-2.4582845
-3.4102462
-2.6476089
-2.168097
-2.2307488
-2.6880716
-2.7797694
-2.6573678
-2.8516178
-2.8858831
-3.434984
-2.4305504
-3.7118167
-2.9481051
-2.5233915
-2.5716629
-3.907763
2.1917601
-3.0130246
-3.0130246
-1.9534726
-2.4566469
-3.3340098
-2.0268932
-2.0268932
-2.2702876
-2.8600205
-2.8600205
-2.2634125
-1.9377071
-2.2880807
-1.9993354
-3.10693
-2.5719776
-3.5792318
-3.2534663
-1.9712532
-2.1510141
-3.0203619
-2.2990043
-2.068297
-2.8464347
-2.4668256
-2.8209217
-2.411795
-2.6222952
-2.4510624
-2.7106743
-2.9472486
-2.5579521
-2.8511655
-1.9951876
-3.7726865
-3.0581146
-3.4232106
-3.331892
-3.345982
-3.4997356
-3.2878477
-3.3308655
-5.2156317
-3.9878729
-2.9866292
-2.3355858
-2.7830567
-2.904412
-3.5916735
-2.984958
-0.020998566
-1.9081956
-2.2109349
-2.955263
-2.5649909
-1.2569388
-1.2887809
-2.6031506
-2.7302804
-2.4062584
-2.5550734
-2.140077
-2.6068883
-2.0608728
-2.5008918
-1.6228101
-3.7959486
-2.5557006
-2.5557006
-2.2855066
-2.6749261
-2.6749261
-3.0782955
-3.0989737
-2.9396348
-2.9700584
-2.1696169
-2.3724932
-1.4931262
2.3656873
-2.1490752
-1.9156746
-2.6909947
-2.3873709
-2.8773074
-1.7854273
-2.0655472
-2.095644
-2.2866953
-1.9271657
-2.2259069
-2.3850626
-2.3500802
-2.0951716
-2.4575202
-2.2476367
-3.1854998
-3.3632821
-1.6614806
-1.607802
-1.6757799
-1.660889
-1.0179881
-1.7632544
1.0054664
-3.0774216
-1.4569538
-3.8789737
-2.2872447
-2.6212904
-2.6981345
0.35145934
-3.189001
-3.732814
-2.6355797
-2.2848793
-2.8997037
-1.5022106
-0.93660288
-2.9594675
-2.9801109
-3.4676739
-3.0967408
-2.507332
-2.7047082
-2.7047082
-2.7883703
-3.1604383
-2.4605106
-2.4594135
-2.8883826
-2.9625432
-2.4748048
-2.7447516
-2.7929542
-2.2621747
-2.9976935
-2.340728
-2.2651613
-3.0150107
-2.9903542
-2.2382129
-3.158262
-2.6254273
-2.6254273
-3.0590746
-3.3819095
-2.5449992
-2.4781972
-2.2642805
-2.8108261
-2.9186767
-3.3905648
-3.22481
-2.1522221
-3.2314414
-2.7477591
-2.5793231
-2.6389774
-2.5409693
-2.7462202
-1.6350395
-1.8691997
1.6680456
-1.4190253
-1.3853167
-2.1106382
-2.6785264
-1.5009995
-3.3277131
-1.8350259
-2.7694381
-2.8041192
-2.7021773
-2.3223237
-3.2680248
-2.0354521
-2.2563826
-3.2581407
-2.5202126
-2.8973217
-2.9921606
-1.7872723
-2.0963919
-2.7131887
-3.2748966
-2.6488496
-1.3852224
-0.41955875
-0.70628666
1.2374843
-0.74011775
-0.29377909
-0.9546187
-1.8819388
-2.3845746
-2.308911
-2.2637782
-2.0890934
-1.9036029
-1.8701056
-2.2908009
-2.3644689
-2.2563038
-1.4340032
-2.6647629
-3.1118915
-2.6443088
-3.3497203
-2.5394433
-2.4748955
-2.0321622
-2.8768206
-4.4495557
-2.1754731
-2.6722177
-3.3508354
-2.2168385
-2.7333933
-2.7225027
-2.3359581
-2.4329134
-2.6729124
-3.1224232
-3.4539975
-3.2780447
-2.8834819
-3.0333802
-2.4983439
-2.9794982
-4.2690385
-3.9104093
-3.5955117
-2.2635726
-2.3023346
-3.3583734
-2.6393011
-2.2788629
-2.5592604
-1.7658395
1.5780794
-2.9940539
-3.9843573
-2.582458
-3.4191844
-2.1742739
-3.2227905
-2.238532
-2.238532
-3.5549808
-2.5956548
-3.5397937
-2.5965113
-3.5240276
-2.661048
-3.536682
-2.6527367
-3.5541611
-2.6535931
-2.1929477
-2.1929477
-2.3137796
-2.3227855
-2.3288049
-2.0544027
-2.2832194
-2.3138952
-2.4826594
-3.3215915
-2.455176
-2.7794623
-2.8277831
-1.9349951
-2.2344855
-2.3448915
-3.575147
-2.5548766
-2.1712707
-2.1486257
-2.1213999
-2.2116052
-2.5618769
-2.3866226
-2.0960299
-2.4790485
-2.4725142
-2.2909917
-2.4523831
-1.8213659
-1.0193854
-1.0008519
1.571702
-2.6552191
-2.669309
-1.4245462
-1.4245462
-2.7974478
-3.4395205
-3.4395205
-2.5578941
-2.5578941
-2.6859546
-3.0243693
-2.7415121
-2.4035979
-2.9796066
-0.33541264
-1.5762395
2.0992764
-3.2637034
-2.4594216
-2.9248545
-3.0829695
-3.0327408
-2.7648148
-3.1111034
-3.3029155
-1.7489977
-1.0441212
-1.0651124
1.1532667
-2.6455583
-2.6455583
-2.2272063
-3.099525
-3.099525
-3.4203134
-3.3485598
-3.0209257
-3.0209257
-3.3554601
-3.3554601
-2.0082902
-2.0082902
-3.6374413
-3.6374413
-2.7923512
-3.5021875
-3.5021875
-2.3144375
-2.3144375
-3.6916064
-2.6496547
-2.6496547
-3.1572622
-3.3898915
-3.3898915
-3.4726455
-3.4726455
-2.5167943
-2.5167943
-2.189428
-2.189428
-3.2152894
-3.2152894
-3.183389
-3.183389
-2.8872287
-2.8872287
-2.7132994
-1.6763751
-1.6763751
-2.9906702
-2.2223662
-2.2223662
-3.5047532
-3.7885039
-2.8525607
-3.0929736
-2.4128019
-2.4128019
-3.4989209
-2.9801653
-2.9801653
-3.9111258
-3.9111258
-2.4964443
-2.4964443
-2.8662468
-2.9263176
-2.7749645
-2.9321978
-3.0690941
-3.3992916
-2.0881013
-3.6271855
-2.5844355
-2.5844355
-3.1896222
-3.1896222
-2.6082106
-2.6082106
-2.0141263
-1.7857531
-1.7857531
-3.8556209
-4.4098448
-2.6230118
-2.6230118
-3.2596395
-2.3851438
-2.3851438
-1.5473396
-1.4800233
-3.6275988
-3.6275988
-2.1796633
-2.1519175
-2.0422451
1.4648785
3.0157564
-2.5092021
-2.4418858
-2.1977535
-2.5437148
-2.5437148
-2.4766414
-2.6965874
-2.1591405
-2.9533409
-2.7045607
0.42100857
-1.235869
-1.2552785
-2.0338295
-3.0695249
-2.5826825
-1.6302649
-2.4269869
-2.6508361
-2.2192939
-2.0649234
-2.1359785
1.5557149
-3.2064572
-1.8503199
-2.576816
-3.0624636
-2.7638705
-3.4689679
-3.7755996
-4.1294788
-2.5009513
-2.1029982
-3.2881358
-2.8154461
-3.2461017
-2.9832753
-2.3681456
-1.9317809
-0.82484524
0.89300913
-1.3711851
-2.9250133
-1.1581738
-2.5475275
-3.0036425
-2.2000299
-2.3570686
-2.3570686
-3.1639812
-2.9459961
-2.7818712
-1.3878861
-1.9527311
-1.4635603
1.5589181
-1.5847115
-2.2460719
-2.6644061
-3.1031598
-2.3641213
-2.7061261
-2.4201963
-0.72558033
-3.4836516
-1.7748295
-1.7748295
-2.127387
-1.8509165
-2.4039235
-1.802526
-1.5283535
-1.5283535
-1.8000651
-1.8430829
-3.4125699
-3.0792929
-1.8110067
-3.2973868
-2.6709775
-2.708104
-2.708104
-2.5833095
-2.5833095
-2.7271413
-1.2920409
-1.4603059
1.4872431
3.038121
-2.6486463
-2.5268459
-3.2966811
-3.3311376
-2.5487466
-2.5357162
-3.0553727
-3.5104035
-3.0704428
-1.8084329
-1.8084329
-2.5917289
-2.0933813
-2.4369994
-2.3258625
-2.6818633
-2.3030465
0.072411235
-1.2531496
1.9044445
-3.6751343
-2.7835275
-3.3052454
-2.0007598
-4.0109012
-2.0839374
-2.1269552
-2.6861807
-3.3072764
-3.7566843
-2.1191183
-2.0007526
-2.3493802
-2.3493802
-3.1187268
-1.9130235
-1.3962375
-2.2593123
-2.7938313
-2.5881559
-0.13142107
2.0540524
-3.1820424
-2.5484405
-3.2352526
-2.8024638
-2.9597924
-3.5506603
-3.0729835
-3.2371329
-1.7499236
-3.593569
-2.9443979
-2.0334721
-2.737271
-3.1811195
-3.2546551
-3.4345706
-2.3189773
-3.1813371
-3.2150457
-2.7843985
-3.636408
-2.2218008
-2.5548916
-3.4105537
-3.2398659
-3.3170816
-3.3600994
-2.2483013
-2.5173638
-3.3967034
-2.228035
-3.8273734
-3.4993007
-3.848687
-2.5930485
-2.7432823
-3.0370468
-1.0938358
1.9490026
-3.1327036
-4.0036256
-2.3691756
-2.4581934
-2.4176012
1.7592579
-3.5758771
-2.1760065
-1.9838753
-3.366181
-2.9158382
-2.9770097
-2.8796398
-2.6889007
-3.454141
-2.6313226
-2.986988
-2.4012367
-3.1191876
-2.6811754
-3.1148919
-2.2276365
0.95992857
1.8685438
-2.4911266
-3.4788686
-2.4257873
-4.2644338
-1.8817313
-2.8733076
-2.2491484
-2.9896886
-2.3195993
-3.596346
-1.7862866
-2.2104431
1.574352
-2.99516
-2.3652166
-2.6986975
-2.9138728
-1.6546168
-1.9372224
-2.4990926
-1.984117
-1.984117
-2.5186714
-2.6872971
-3.6431521
-2.3741661
-2.0785775
-3.4750931
-3.0206468
-3.3174855
-2.4800314
-3.1332515
-2.3497804
-3.9795227
-0.9008304
2.3656873
-3.0542711
-2.7315968
-2.7716616
-2.2408634
-2.2106117
-1.836103
-2.2900061
-2.1925712
0.3487767
-3.6030929
-2.8580733
-1.05135
-3.5935032
-2.2612596
-2.2612596
-3.8718679
-3.9417437
-3.451095
-3.451095
-3.0902865
-3.0902865
-2.3213808
-2.3213808
-2.3771802
-2.3771802
-2.3130254
-2.962541
-2.5230981
-2.9287864
-2.8950778
-3.0953281
-3.1245212
-3.1245212
-2.7041956
-2.7041956
-3.0276018
-3.0276018
-2.1446609
-2.1446609
-2.9950912
-2.9009997
-3.1461066
-3.1461066
-2.8446711
-2.8446711
-2.7556278
-3.2599181
-3.2599181
-2.5681643
-2.5681643
-2.5847141
-2.7005821
-3.225674
-3.1841254
-2.8618792
-2.8194102
-2.6878162
-2.8639921
-1.8963228
1.5719055
-3.0560164
-3.0560164
-2.3250968
-2.3250968
-2.5968084
-2.5897483
-3.0904611
-2.8374369
-3.2053876
-3.1945369
-2.6058449
-1.8816409
-2.7116523
-2.9829373
-1.9711524
-2.4754828
2.0436332
-2.1831047
-1.975217
-3.3648236
-3.4248943
-2.5876691
-2.5079038
-2.5079038
-2.6578995
-2.7312883
-2.0801734
-3.3780209
-3.0722182
-2.9161747
-2.3362159
-2.7290453
-2.7290453
-2.577617
-3.266909
-2.0561442
-2.5384603
-3.2820253
-2.2666517
-2.9697534
-2.2449715
-2.8838428
-1.9045976
-2.5169126
-3.2610074
-2.2889538
-3.3824276
-3.3151112
-2.6779888
-1.4856884
-3.0051603
-2.3359475
-2.8151274
-1.0234789
1.4774326
-3.3062949
-2.7460365
-2.3118511
-2.767954
-2.4950299
-1.5812651
-2.0657253
2.0363336
-3.4389365
-3.2231105
-3.2231105
-2.9214617
-2.9214617
-3.2529494
-3.2529494
-2.487456
-2.487456
-1.7045632
-3.1467942
-1.786242
-1.786242
-2.9577912
-2.9577912
-3.1198139
-3.4248288
-3.4248288
-2.6158512
-2.8449156
-3.871318
-2.979171
-2.979171
-1.8743214
-1.8743214
-2.4648978
-3.8844292
-3.8844292
-3.2597045
-3.2597045
-3.0216724
-3.0216724
-3.537878
-2.8666995
-2.8666995
-3.0345203
-3.0345203
-2.9675329
-2.9675329
-3.0351968
-3.0351968
-3.6927736
-3.6927736
-2.5120732
-2.5120732
-2.3335023
-2.3335023
-3.4378627
-3.4378627
-3.8119446
-3.8119446
-3.1981767
-3.1981767
-1.7179909
-1.7179909
-3.2848902
-2.6394602
-2.6394602
-3.4520467
-3.4520467
-3.0156469
-3.0156469
-3.1491654
-3.1491654
-3.1076333
-3.1076333
-3.0133611
-3.0133611
-2.1253553
-2.1253553
-3.0833547
-3.9850642
-3.9850642
-2.0990529
-2.0990529
-2.9764922
-2.9764922
-2.7481608
-2.7481608
-3.167352
-2.6560701
-2.6560701
-2.7776153
-2.7776153
-3.617434
-3.617434
-3.1076688
-3.1076688
-3.1606904
-3.1606904
-2.1214455
-2.1214455
-3.0697271
-2.7122894
-2.7049592
-2.7306471
-2.0338751
-2.0097976
-3.3760709
-3.5066855
-3.7076904
-3.7076904
-2.1938329
-2.1938329
-3.6958105
-2.6228376
-2.6228376
-2.0670135
-2.0670135
-1.8073208
-1.8073208
-3.7716057
-3.098579
-3.098579
-3.8715785
-3.8715785
-2.426801
-2.426801
-2.4257884
-2.4257884
-3.1088293
-3.1088293
-2.2679028
-2.7931174
-2.0951668
-3.1461964
-2.0938894
-2.0938894
-3.5977226
-1.6027425
-1.6027425
-2.1781728
-3.6432118
-3.6124603
-3.6124603
-3.225125
-3.225125
-2.3944123
-2.3944123
-3.3855218
-3.3855218
-4.3560886
-3.1675662
-3.1939283
-3.1629751
-3.1629751
-3.3000756
-3.1097802
-3.1698509
-2.6599018
-2.6599018
-3.1064754
-3.1064754
-4.1054441
-4.1054441
-3.3307153
-3.2043191
-2.2920436
-2.2920436
-2.8417595
-2.8558495
-1.7800529
-2.6635751
-3.4138528
-3.4138528
-2.1968239
-2.1968239
-3.7124811
-3.7331593
-3.4722746
-2.3615443
-2.357348
1.1430762
2.6939542
-2.2813945
-2.7813238
-2.3133833
-3.2043115
-2.2627695
-2.3898142
-2.7939398
-2.9976867
-2.7586143
-3.1947776
-3.2183178
-2.9956053
-1.630565
-3.0487042
-2.7549232
-2.8860107
-2.0816012
-2.3472544
-2.9597306
1.4327249
-3.129472
-1.8600082
-2.8932714
-2.2703906
-3.2914808
-3.6094666
-3.0732296
-3.176474
-2.7186171
-2.9758554
-3.2103082
-2.8160416
-3.4550036
-2.4150815
-3.0680813
-2.8454146
-2.4392536
-2.2426128
2.2776978
-1.3860114
-2.9523515
-2.0967789
-2.3488654
-1.8905514
1.6454007
-2.7835745
-3.2191798
-3.0760707
-2.3448295
-1.9092676
2.2660078
-2.4309247
-2.5667595
-3.2713571
-2.7550725
-3.3750677
-2.7299335
-3.1756182
-3.0277452
-1.8851741
-2.3344964
1.5321124
-2.3176158
-1.3565515
-3.4118237
-3.3961538
-3.3263638
-3.3263638
-3.1166995
-3.1471231
-3.5740434
-2.0493722
-1.5887643
2.1382084
-2.516368
-2.9459881
-2.4298845
-3.0449918
-2.1127677
-3.0640038
-2.3915496
-2.9004025
-2.5665373
-2.5665373
-3.6787799
-2.7919644
-2.8729784
-2.8729784
-2.282628
-3.1540167
-2.4979077
-2.9388106
-2.2849935
-3.0444128
-2.1609226
-2.9136999
-2.2375182
-3.0798947
-2.4544616
-2.9582001
-2.6332252
-2.7020912
-2.5482317
-3.0711136
-2.135162
-2.9398216
-3.1645988
-4.4854194
-2.5629949
-2.1559796
-1.5179286
-2.7136224
-2.5560497
-2.9981405
-2.0189141
-3.1503188
-2.4793
-3.7074706
-2.8768439
-3.0696069
-1.9359158
-2.7774883
-2.7774883
-2.4180522
-3.0397195
-2.3913427
-2.7478969
-2.453653
-2.6710511
-1.7782479
2.040061
-2.5682895
-2.5526527
-3.1594348
-3.1225439
-2.2429393
-3.1120243
-2.2395432
-3.1832101
-2.8219576
-2.9053826
-2.9132587
-2.9018242
-2.9040843
-2.988859
-2.1629808
2.1833584
-3.1420094
-2.9625395
-3.9522184
-2.9983701
-2.0159513
-2.7268092
-3.4447172
-3.0089405
-3.5232301
-3.681714
-3.2898703
-2.5119688
-2.8899786
0.71872202
-2.9248191
-2.1203039
-2.9486638
-3.2802554
-0.42633442
-2.3117354
-1.6439255
-2.5590687
0.2194903
1.7410035
-2.8181952
-2.8518425
-2.8210121
-2.9367422
-3.1645769
-2.5548285
-2.51716
-2.2407766
-3.199215
-2.9766635
-2.9969355
-3.5745535
-2.7102387
-2.8772303
-2.9501847
-2.7122003
-2.6840906
-2.8515277
-2.7614766
-2.8758116
-2.4118428
-3.8977385
-2.0811383
-3.2924162
-2.1846466
-2.1739956
2.1369741
-2.8015845
-2.5226124
-3.0414958
-2.4472064
-2.5183036
-2.2959007
-2.3470872
-2.9534564
-2.3026802
-3.1690277
-1.496904
-1.3446567
-1.2843074
1.3025244
-2.6553296
-2.8083277
-2.6187252
-2.3102214
-2.9286853
-2.7070252
-2.3602963
-2.6200699
-2.8722745
-3.3063523
-2.7576079
-2.1601977
-3.3199653
-2.440679
-3.0726406
-3.3633377
-1.5687389
-2.5812886
-1.6253452
-1.061984
1.2411458
-2.9566575
-2.6958311
-2.8903358
-3.8619323
-2.0353293
-2.959087
-3.4495785
-2.7551212
-2.3572951
-2.9820769
-2.4071088
-2.6333462
-3.1745956
-1.9844191
-3.3159376
-2.7651508
-2.4978761
-3.5330113
-2.7585524
-3.2919753
-2.7442218
-3.1486099
-2.5975635
-2.7722655
-2.4608313
-2.2861865
-2.652535
-2.6459343
-3.2580934
-2.7716105
-2.7972289
-3.1893034
-2.9815637
-3.2535221
-2.0803167
-2.703448
-1.5244652
2.2886993
2.6260725
-2.7990513
-3.2332934
-2.0481259
-3.2004265
-2.5587098
-2.8290504
-3.8489648
-2.461642
-2.73858
2.1806716
-3.2724754
-2.54592
-3.2318909
-2.0035634
-3.4941803
-3.1590282
-2.9176115
-2.9797961
-2.3998055
-2.4540391
-2.5487251
-3.0351226
-2.1942468
1.909839
-4.0638116
-2.113006
-2.5764699
-3.8115886
-1.5989821
-3.3054662
-3.2016181
-2.387307
-2.3117627
-3.2548393
-2.2998336
-1.4901632
-3.325144
-1.9032964
-2.7944765
-2.4565347
-3.569368
-2.3932287
-2.8039442
-3.0317732
-2.7832911
-1.7741672
-3.6177709
2.1404101
-2.9628181
-2.9628181
-3.0387023
-2.8339028
-2.8001942
-3.1614001
-1.948356
-2.4093905
-1.3090123
-3.24104
-1.700149
-3.1310481
-1.0503493
-2.8927632
-2.4228749
-3.2846252
-1.5259951
-1.5259951
-1.4241246
-1.4241246
-1.3845723
-2.841327
-2.8620052
-2.2903372
-3.4672716
-1.3770356
-1.4237933
-3.9274753
-3.1738874
-3.1359422
-1.4342839
-1.5418242
-2.9225376
-2.576376
-2.7759682
-0.090359394
-0.89048746
-2.1217297
-2.9255737
-1.2662692
-2.9419217
-2.7419457
-2.2907837
-2.3338015
-3.8492628
-3.8492628
-2.4070134
-2.0009961
-2.6132549
-3.0474544
-2.9801381
-2.0282559
-2.2207615
-3.2439106
-2.7833027
2.3831857
-2.786664
-2.8259827
-3.5584726
-3.5584726
-3.2202035
-2.8853696
-2.8853696
-1.8063326
-1.8063326
-3.9658653
-3.9658653
-3.2976353
-3.3529398
-2.6619907
-2.893248
-2.893248
-2.1682216
-2.1682216
-2.7987983
-2.9770647
-3.2458557
-3.3059264
-3.3074755
-3.5074664
-3.0574714
-3.0574714
-3.9660481
-3.9660481
-2.3186595
-3.3657012
-3.3657012
-2.5045633
-2.6195192
-2.6195192
-1.8854433
-3.5550851
-2.4338894
-4.168984
-2.739399
-3.15758
-3.3677783
-3.0119883
-3.5985763
-1.7382966
-2.5204758
-2.5204758
-3.4628492
-2.9215706
-2.6539563
-3.2758792
-3.5149438
-2.7817054
-2.7817054
-3.4669009
-2.7208608
-1.4619693
-2.8052618
-3.0353763
-2.1662554
-3.202254
-3.0656422
-3.9579008
-3.2859431
-3.5135758
-2.9145797
-2.9145797
-1.3796758
-2.5141049
-3.4226326
-3.7117971
2.2596727
-2.3142821
-2.3810735
-2.9409901
-2.552358
-1.764325
-1.7671036
-2.5517448
0.29499666
1.8165099
-3.1639118
-2.1204663
-2.1204663
-1.2633535
-1.1317596
-2.12695
-2.1009361
0.56816866
-3.8778155
-3.8778155
-3.5891398
-3.5891398
-3.1307561
-2.3978395
-1.9296543
-1.9296543
-4.5862939
-1.9908733
-1.9908733
-2.0488754
-2.1329159
-2.1954491
-1.458497
-1.5185677
-1.5214989
-3.1390378
-2.378019
-2.3443104
-2.1701246
-2.1701246
-3.42369
-3.0780359
-2.8484109
-2.5753565
-2.5753565
-3.209655
-3.209655
-2.7107954
-2.7107954
-2.0754385
-2.5958953
-2.3868754
-2.6953328
-2.6953328
-3.0877597
-3.5769395
-3.5769395
-3.6000167
-3.6000167
-2.1532028
-2.1836264
-2.5146418
-2.7001737
1.31089
2.1924742
-2.7037819
-2.972873
-3.1482967
-2.1441968
1.6155813
-2.6700965
-2.9156187
-2.4355652
-2.4370007
-3.0478063
-3.6445604
-3.0341807
-2.3966925
1.4820004
-2.9804236
-2.5938066
-1.7953475
-1.8380803
-1.762166
-1.592242
1.6687798
-3.2399088
-3.5474795
-1.8106956
2.0715425
-4.3946819
-2.0143466
-1.9677084
-2.5465526
-1.8624034
-3.1701819
-3.2453889
1.5938732
3.1447511
-2.8116208
-2.3808318
-3.5254157
-2.999772
-2.999772
-3.0473688
-3.0614587
-2.6978902
-3.2727704
-3.1029712
-2.7017348
-3.8768295
-2.3911565
-2.5157651
-1.3678602
-1.3573812
-1.2605004
1.153005
1.7036068
-4.8902826
-4.0302114
-2.8706037
-2.4946623
-1.0497701
-1.4382072
-1.7188977
-2.4390035
-0.26285488
1.8596323
-2.3062456
-1.3417382
-2.271067
-0.55465527
-0.63758405
-0.47840215
-0.98979593
-2.5603943
-2.5603943
-2.2951978
-2.6742218
-2.7322369
-1.4623077
-1.4623077
-2.1211232
-2.2603385
-3.340925
-2.6194184
-3.5838671
-2.496647
-1.8259008
-2.4219871
-0.18713492
1.0524627
-2.8886165
-3.4819366
-2.5962169
-2.2595043
-2.9126879
-2.8952979
-3.0975873
-2.7067347
-1.9809523
-0.24501708
1.6915057
-2.2214175
-2.3896825
1.2536621
2.8045401
-2.7377378
-3.19382
-1.5314447
-2.3467628
-2.5773526
-1.5276802
-0.034255073
-1.233152
-2.9545819
-3.0826222
-3.0052078
-2.9793966
-2.6593313
-2.6298036
-2.3018387
-2.0837128
-3.0808741
-1.6741231
-0.91434158
-1.2743034
-2.1014061
-2.3843397
-2.1494222
-2.6680379
-1.611731
-3.053562
-2.3402164
-2.1804088
-4.0040717
-4.1159875
-3.1452725
-3.0686276
-3.7599564
-2.5468726
-2.1941383
-2.6981663
-2.8491912
-3.6189045
2.3016058
-3.4198596
-3.5752673
-1.9587707
-3.1770536
-2.8980945
-3.1463809
-3.1463809
-3.6211329
-3.6211329
-3.6862388
-3.706917
-2.7923399
-2.6865284
-2.931942
-2.6814479
0.33899111
1.5475627
-3.4977501
-3.0384339
-2.3386338
-2.2695105
-2.9161551
-3.0475394
2.4996851
-2.7874719
-2.5427418
-2.681827
-3.0147151
-3.1491354
-2.9890133
-3.1552582
-2.8317905
-3.01678
-2.433096
-2.5875671
2.261841
-2.7991286
-2.3373123
-2.5719186
-1.3947155
-1.2631216
-1.260405
-1.9589605
0.95132335
-3.4695983
-3.2436206
-3.1320675
-3.3792625
-2.183242
-2.7588369
-2.0485638
-2.645099
-2.1498994
-2.838278
-2.055992
-2.055992
-2.7174347
-2.4220247
-3.0053701
-3.0053701
-3.0865424
-2.9551584
-2.9551584
-2.5368127
-2.9730451
-3.2157844
-2.5426085
-2.6515112
-3.1409257
-2.0596407
-3.0053542
-3.0260324
-2.3565769
0.75428966
-2.9373768
-1.6453215
-2.6718562
-2.6842398
-3.4513843
-3.387262
-2.9016967
-2.933808
-2.6956412
-2.2816601
-1.649336
-2.783953
-2.2995444
-2.2165239
-1.486422
-2.0848237
-1.04393
-2.3425833
-2.622024
-1.8289253
-1.4797089
-2.5603646
-3.8356494
-2.6073615
-1.6521152
-2.8561198
-3.7986373
-2.5967
-2.3656249
-2.4086427
-3.6162171
-2.5997425
-2.8644872
-4.0256907
-3.7887889
-3.26687
-2.2667425
-2.8976596
-2.6608478
-3.1247306
-3.7270321
-2.6913275
-1.8097429
2.0018554
-2.7239308
-2.7497146
-2.8145034
-3.0155226
-3.2528977
-3.2406051
-3.003328
-2.9193098
-3.2212037
-3.1224773
-3.2532228
-3.1358055
-3.561316
-2.8099676
-2.7501945
-2.9732148
-2.5521368
-3.0044982
-2.7673703
-2.9144606
-2.6467892
-3.3615298
-2.7407478
-1.9105121
1.8260565
-2.2177551
-2.2123481
-2.3333095
-1.7465304
2.4118907
-3.4350162
-2.9693285
-2.4539021
-2.4255088
-3.2077908
-3.1079272
-2.8185269
-3.2105685
-3.8856104
-3.8349842
-2.6271679
-3.1503269
-3.3102644
-3.1542385
-2.9435105
-3.3880816
-3.9756135
-1.9671423
1.704618
-2.9779117
-2.1932998
-2.3788316
1.2056996
2.7565775
-2.7232274
-2.7232274
-2.877799
-2.877799
-2.9895507
-2.9895507
-2.3371576
-2.3371576
-3.395013
-3.395013
-2.4779245
-2.4779245
-3.4973633
-2.4331081
-2.4761259
-2.1537881
-2.1537881
-3.4597642
-3.8414808
-3.8414808
-1.4950014
-1.5156796
-2.5027644
-2.5027644
-2.2528478
-1.4606108
-1.5250277
-0.71634141
1.743527
-2.4199115
-1.7438276
-1.8858051
-1.7503628
2.0473092
-2.3231537
-2.3801604
-2.0900467
-1.9143181
-1.5259826
-1.4863666
-1.2729816
-1.9172283
1.6150213
-3.5899221
-2.9508788
-1.7847048
-1.7847048
-2.7124517
-2.9233513
-2.8725715
-2.8725715
-2.6494834
-2.2547601
-2.3896485
-2.7126455
-2.7126455
-2.6209856
-2.1676457
-2.4235788
-2.3452116
-2.2666338
-2.032496
-2.5261193
-2.5261193
-2.7497616
-1.6675138
-1.6675138
-2.609011
-2.7959696
-3.0931331
-1.9030265
-2.848891
-3.2186597
-2.7920947
-2.2184946
-2.5110169
-2.2225011
-2.2225011
-2.4040045
-4.1857768
-1.8813499
-1.8813499
-2.7176054
-3.2338286
-2.4589187
-2.4589187
-2.9817914
-2.4323589
-2.3766509
-2.3171981
-2.3750118
-4.2081431
-1.764306
-4.3775574
-3.2203601
-2.168576
-2.168576
-3.692779
-3.176827
-2.6312006
-3.4724565
-3.4551896
-1.069942
0.14702088
-0.35026823
-0.78431488
-2.0723932
-2.9086965
-2.152315
-1.9371481
-2.150213
-3.0301749
-1.3408176
-2.1727211
-3.1648284
-2.4669109
-3.3733155
-2.6033527
-2.8848201
-2.5478433
-2.676516
-3.1513001
-3.570878
-3.1261018
-3.4490696
-3.3429017
-1.8835244
-2.0494621
2.0980503
-1.3231701
-1.33726
0.0012585581
-2.9650322
-3.1901648
-3.8409412
-2.3711452
-3.2554247
-2.9877337
-3.6106847
-3.1927995
-3.1927995
-2.5861146
-3.5348259
-2.8976543
-3.2217853
-3.2217853
-2.2031487
-2.2031487
-3.1562836
-3.1562836
-3.3479684
-1.8140418
-2.5355459
-3.4213997
-3.8011845
-3.7602337
0.32715222
-1.5156618
1.5310918
-4.3444215
-3.9345518
-3.9345518
-2.7455948
-2.7455948
-3.2086512
-3.7988123
-3.4953284
-2.7756469
-2.7756469
-2.8175488
-3.55776
-2.1574519
-3.5322837
-1.747724
-3.6682171
-3.6682171
-3.323449
-3.323449
-2.4692228
-3.1483646
-3.1690429
-2.5609377
-2.4936214
-2.175538
-2.7093537
-2.9414524
0.27932108
1.9849418
-2.8286353
-1.954188
-2.0837671
-2.1600661
-2.8091418
-2.8395406
-2.1164331
-2.6875178
-2.7982616
-2.9673613
-3.2634904
-3.2525188
-2.5814836
-2.0234128
-2.2589015
-2.2589015
-3.2640695
-3.3733591
-2.8458617
-2.0566823
-2.8155248
-2.2754095
-2.8687061
-2.3015802
-3.0250573
-3.0250573
-2.977629
-3.2926072
-2.3636719
-3.0987027
-2.3576279
-2.530976
-2.4994437
-2.4994437
-2.171066
-2.171066
-1.9348132
-2.097279
-2.1055902
-2.6020744
-2.9180932
-2.2998673
-3.4673826
-2.2780818
-3.3887859
-2.1903175
-2.549034
-3.0059687
-2.3748477
-2.9549429
-2.3321332
-2.9879107
-2.4228616
-2.5676712
-3.2377299
-3.2377299
-2.5262054
-2.5262054
-2.0995332
-2.3236674
-2.9727236
-2.3149675
-2.3748295
-2.3162125
-2.932301
-2.1550578
-2.317648
-3.3358065
-2.4277838
-2.9313594
-2.6919399
-2.4947928
-1.8317551
-2.8946003
-2.8946003
-2.4113216
-4.0045822
-2.9611379
-2.8977726
-1.9980418
-1.6784419
-2.406623
-2.6686116
-2.7757517
-2.6308949
-2.6739127
-3.1557208
-3.3425431
-3.1595655
-3.1595655
-3.7024532
-3.6035968
-2.6739585
-3.4671962
-3.5869905
-2.7609749
-2.7021667
-3.2572822
-2.2810836
0.71058578
-1.8192287
-2.9258811
-3.3589397
-2.7700865
-2.8715291
-3.2891517
-3.2802821
-1.6282987
-2.8414657
-3.1829602
-1.1820057
-3.0669864
-2.6757401
-2.7074098
-1.8812498
-1.6311605
-1.4827569
0.027515908
0.86846514
-2.0434977
-2.5500237
-2.5500237
-2.3680512
-2.3892011
-2.0702275
-2.7448114
-1.9182064
-2.1105771
-3.4856152
-1.8998797
-3.2965162
-2.392113
-3.2036854
-3.1450419
-3.3849994
-4.4631737
-1.6311399
-1.4310671
-2.2858125
0.8792459
-3.6611522
-3.6611522
-3.4084104
-3.4084104
-2.9602642
-2.9602642
-4.2239579
-4.2239579
-3.6189298
-3.6189298
-2.1198091
-2.1198091
-3.4887403
-3.5317581
-3.8138024
-3.8138024
-3.7725548
-3.7725548
-2.6222802
-2.6222802
-3.6722194
-3.604903
-1.9241565
-1.4041934
-1.8588286
-2.072516
1.5631697
-2.8511414
-3.2798622
-3.1786422
-2.1354456
-2.4236652
-3.3913567
-3.7298487
-2.2135386
-2.0706913
-2.4046517
-4.0677919
-1.3004628
-1.2331464
-3.2335906
-0.61040183
-1.5369657
-2.3317529
1.7688032
-2.5148502
-1.3015681
-3.9519495
-3.9519495
-2.7657948
-3.8917265
-3.2119126
-3.4430418
-3.6890442
-4.2921372
-3.7079507
-3.4301232
-3.7704276
-3.252012
-4.1049952
-3.4205504
-3.2993224
-4.0780531
-3.6638588
-3.1599291
-2.7859314
-1.8481606
-2.1935517
-2.1979981
-2.9061129
-3.1209947
-3.2694781
-1.8509493
0.46997868
-3.265778
-2.994708
-3.4022348
-3.4022348
-3.5225309
-3.5225309
-3.1732597
-3.1732597
-2.8587233
-2.8587233
-3.4678702
-3.9087598
-3.9391834
-1.7065467
-1.5237407
1.0696556
2.6783891
-2.4472987
-3.006874
-2.5535916
-2.996164
-2.893436
-2.4805517
-3.213781
-3.8462742
-2.7322692
-1.8919942
1.6215186
-2.3701621
-2.3701621
-1.8327774
-3.0522713
-3.0499606
-2.4715067
-3.1230341
-2.5163379
-3.5625267
-1.2101683
-1.0101923
-2.0057432
-2.9579417
-3.3246384
-2.4847931
-2.6011885
-2.4866683
-1.3294471
-1.080953
-1.2268916
1.1594019
-3.2153714
-3.3888711
-3.6117115
-2.8843998
-3.2626144
-2.9859995
-2.7253079
-2.7066816
-1.2884386
-1.9890665
-3.6469497
-2.2949995
-2.5565557
-3.8895825
-3.8114027
-2.7706133
-2.4886246
-3.5278864
-2.3130918
-2.6551689
-2.589228
-1.2019156
2.3348517
-2.809023
-2.3783543
-2.5703294
-3.548783
-3.1265471
-2.6932723
-2.4208934
-3.2919155
-2.4555653
-3.0652504
-2.1393166
-3.0709258
-3.668498
-3.3677058
-2.1881734
-3.2574816
-2.8982294
-2.5845038
-2.6155529
-2.4271975
-3.8950384
-1.0885867
-2.0441974
-2.2306112
-1.8781163
-2.4933284
-3.2360487
-2.3279788
-2.2746042
-2.6287437
-1.8676736
-2.5174027
-1.6969086
-2.1704288
-1.9320115
-1.1999154
-2.3997922
-2.0376127
-1.8899976
-1.2377644
-3.7716454
-2.5776404
-2.3348286
-2.4344207
-1.8002472
-2.8679032
-3.1873938
-2.1068108
2.0475159
-4.0401111
-1.7942263
-1.7746076
-2.4463202
-2.6974777
-2.9080736
-2.9080736
-1.9801265
-2.2157036
-2.5683722
-3.541057
-3.541057
-1.5409115
-2.71871
-1.4648958
-1.4648958
-2.7961914
-2.6320334
-2.1530574
-3.0391106
-2.1652311
-1.0184729
-0.91551033
-1.6237057
-1.9696532
-2.1563718
-1.5262361
-2.5928052
-2.7477999
-2.4583924
-1.8018007
-2.1465364
-2.0134095
-2.2908426
-2.0227596
-1.7045503
-1.1092563
-2.5392483
-3.3654733
-1.9079639
-3.4168668
-2.4976334
-3.7256723
-2.6927121
-2.7242443
-3.6666987
-3.6712825
-2.3787015
-2.7056708
-3.4267256
-3.2174029
-3.0204769
-2.6757181
-2.8127333
-3.6184475
-3.3619415
-3.3079842
-3.3081404
-2.7963486
-3.4742568
-1.8854513
0.89949481
-0.85840474
-0.73472035
-3.1445642
-3.3549092
-3.0519686
-2.8978736
-1.9522655
-0.26798595
-3.5386893
-3.5817071
-2.0757201
-2.0963983
-2.629774
-2.7736857
-2.9372626
-3.6169065
-3.5800138
-2.3623717
-2.0211526
-2.3806578
1.3768134
-2.4792498
-2.1371992
-3.2561923
-3.0235497
-3.3236489
-1.0566437
0.53778362
-2.5527821
-2.5608606
-3.0218781
-2.694356
-2.7848093
-2.9360325
-2.9912803
-2.7951919
-2.1813928
-2.7131566
-2.277594
-2.5640167
-2.7142898
-2.6925043
-2.7350303
-2.2900756
-2.0204216
-2.1764961
-2.8316922
-3.1361984
-2.1318316
-2.855606
-2.9524263
-2.9171666
-2.6053246
-3.1592117
-3.2871571
-3.0668717
-2.9858711
-3.0274583
-2.7666732
-2.7386564
-0.3015203
1.6983999
-2.6305182
-3.5427222
-3.8034351
-2.4468952
-4.0107915
-3.3403134
-2.2363206
-2.9983386
-3.0208679
-3.5177806
-3.5177806
-1.8661052
-2.2531278
-2.9697524
-2.4859547
-1.4554298
-2.2733794
1.616792
-4.5348632
-3.6031955
-1.9284531
-3.8929738
-2.1029089
-3.140192
-1.6737256
-2.703905
-2.7677678
-1.6412156
-3.4422793
-1.9422905
-3.2303591
-2.1854279
-2.817774
-3.9865381
-4.245922
-3.0579287
-1.6126521
-2.7059131
-3.123718
-3.019824
-2.2878867
-1.8168487
1.3243754
-2.4274372
-2.3581105
-2.1297784
-3.2663914
-1.5241235
-2.347787
-3.2419786
-1.1555523
-1.4805638
-2.2820266
-3.0604347
-2.9888022
-1.8754624
-1.322587
1.6803234
-3.261578
-2.3424273
-3.3775734
2.5131837
-2.4094277
-3.6028796
-2.6339793
-2.8207518
-2.617978
-2.4820355
-2.3493572
-2.5109985
-2.5390027
-2.1141338
-2.0814434
-2.0924132
-3.2143305
-2.2504946
-2.7919834
-1.5140083
-0.21451533
0.36092865
-0.48299126
-1.5604772
-1.2401772
-1.9833142
-3.0894527
-2.6118082
-3.0195277
-2.2340762
-2.0018642
-1.3532839
-2.2210217
-3.0220922
-3.2032816
-2.154746
-1.4781768
-2.1256993
-2.8110558
-2.0867615
-2.9753854
-3.5574104
-2.104861
-2.2635291
-3.074162
-2.6000543
-2.7634096
-3.0377162
-1.7549362
-2.3393596
-2.9021365
-3.6758976
1.7746558
-1.7989913
-1.7989913
-2.0766488
-3.4168635
-3.4168635
-3.410905
-3.410905
-1.9938723
-2.3594664
-2.1097207
-2.2077135
-2.4144109
-3.1342637
-3.732338
-1.3420548
-3.4610842
-2.5928073
-2.3294763
-2.5483073
-2.666915
-3.0249284
-2.362104
-2.3357724
-3.1285072
-1.5485267
-2.0896756
-2.8815469
-1.165053
2.4699302
-2.6269924
-2.6269924
-3.2674193
-3.2674193
-3.3376771
-3.3376771
-2.7313013
-2.7313013
-3.1650824
-3.1650824
-2.7124061
-2.7124061
-2.9719483
-2.9719483
-3.063682
-3.063682
-1.927574
-2.5618282
-2.1377305
-2.1377305
-2.8709015
-2.546166
-2.546166
-2.6794465
-2.6794465
-2.2328482
-2.275866
-2.2794705
-2.2794705
-1.9047778
-1.9047778
-3.2519765
-3.2090628
-2.8200476
-2.7527312
-2.9105642
-2.4585767
-2.3298484
-2.330606
-0.52321471
2.7970852
-2.7312774
-2.8289619
-2.5575888
-2.6317495
-2.739891
-3.255239
-3.0016045
-3.2361897
-2.9926543
-2.912374
-3.2321849
-2.7715239
-2.8259046
-2.0451729
-2.9538132
-2.0368616
-3.0340693
-2.0878875
-2.7937933
-2.0408852
-3.0326338
-1.9528835
-2.4420113
-2.0842508
-2.0496266
-2.840603
-2.3803364
-1.9875383
-1.8494971
-2.6286557
-2.0004846
-1.5677041
1.8450964
-2.6773906
-2.5003244
-2.9044317
-3.0430016
-3.079804
-2.8830462
-2.8830462
-1.9800076
-2.188338
-2.6955838
-1.9215664
-1.9816372
-1.6604854
-3.0659189
-2.5120242
-2.5120242
-2.8109521
-2.8109521
-2.6362864
-2.6362864
-1.5289856
-1.5289856
-3.3380862
-2.7047504
-2.7047504
-2.4600264
-3.5126891
-1.4827912
-2.9802461
-2.0746989
-2.288752
-2.288752
-2.864147
-2.4290575
-2.4497357
-2.9761882
-3.0903178
-2.755036
-1.6072437
3.0212658
-3.4290233
-2.5086073
-2.5407186
-2.4404092
-2.7984227
-2.0093797
-2.879444
-2.6661744
-3.3352876
-3.3761999
-3.3267678
2.4044359
-4.1483537
-1.9623966
-1.9623966
-2.0070963
-2.0070963
-3.4107443
-2.6977116
-2.6977116
-2.7934637
-1.8154211
-3.8109313
-3.8109313
-1.3443241
-1.3443241
-4.0088593
-4.0088593
-1.6631537
-1.6838319
-1.6610677
-2.291915
-3.0322094
-2.1457469
-2.1589037
0.92039078
2.3300283
-0.93126144
-1.5199883
-3.5624535
-2.4469516
-2.1881244
-2.4808501
-2.4651689
-3.0025765
-2.5024243
-2.9651847
-2.9027437
-2.5492281
-3.0784399
-3.2406042
-3.0884582
-2.5587372
-2.7218748
-1.9467478
-1.9138016
1.5375858
-2.8887502
-3.1760511
-2.771711
-2.3277334
-1.8525985
-1.8525985
-2.2552618
-2.4301082
-2.4301082
-1.1137696
-1.1278595
-2.1863924
-2.1863924
-3.090159
-3.7301226
-1.6768577
-1.6768577
-1.5791436
-1.5791436
-1.7042349
-1.9916155
-1.3686599
-3.5623968
-1.3102996
-2.2761155
-1.4938399
-1.1255021
-2.0304214
-1.5839134
-1.9891557
-3.1354463
-1.7542389
-2.7238314
-2.7774267
-2.8144205
-2.1556857
2.2643316
-2.7998935
-3.8705664
-3.8889988
-2.0112254
-2.1398305
-2.1398305
-1.5621355
-3.9510493
-3.8304866
-2.9271892
-2.908763
-2.5677839
-3.6251803
-3.834157
-2.1993445
-1.5654438
-2.1339942
-0.91119056
1.3638867
-2.3159822
-3.0303789
-3.2392263
-2.7128681
1.933955
-2.3753799
-2.1205294
-2.1083918
-2.1083918
-2.4943574
-2.0700486
-2.0700486
-2.6360108
-3.1707484
-2.4685672
-2.3074156
1.0585684
1.9401526
-2.7450238
-3.2143376
-1.9491425
-0.038554514
-2.1070278
-2.8289183
-3.0937121
-2.6001243
-2.7892037
-0.93963793
-3.554903
-3.0092962
-2.7916794
-2.8348476
-1.9904043
-1.9904043
-3.5827689
-3.063338
-2.9103144
-2.6862627
-1.5093123
-2.6817059
-4.0015272
-2.5366363
-2.6814436
-2.4001178
-2.5531626
-3.0326211
-2.5327093
-2.8671863
-2.2105352
-2.9864478
-2.2481345
-3.1718437
-1.988229
-1.6198911
-1.5272887
-2.6136289
-2.4057278
-1.9536857
-2.2450733
-2.1261334
-2.9658168
-2.5796084
-2.7910411
-2.9078312
-2.6194356
-2.6747809
-3.7029863
-2.6182405
-3.0273666
-2.3446343
-2.0423875
-2.6425681
-2.919733
0.13965594
2.1395762
-2.9664362
-1.8786445
-3.0746747
-2.8071657
-2.381518
1.7419803
-2.3415052
-2.3415052
-2.1684438
-2.7035696
-2.3797646
-3.6092904
-3.8155088
-3.5746293
-4.2466002
-4.2466002
-3.538876
-3.538876
-3.4360115
-2.603985
-3.3222139
-1.4904285
-1.1374408
-3.5501406
0.011030615
-2.1717072
-2.9856047
-2.5202956
-2.5202956
-3.5134797
-3.5134797
-2.986537
-2.7201687
-2.7549868
-3.0978412
-3.0357579
-2.7823034
-2.540104
-2.4502391
-1.8056374
-2.5338469
-3.1401076
-3.3141998
-3.3141998
-3.2163512
-2.8527132
-3.6928289
-3.2528959
-3.5063641
-2.5242011
-2.2638521
-2.2638521
-2.7049942
-1.8411932
-2.3066021
-2.0118499
-3.6176464
-2.9346698
-2.8148375
-3.3606159
-2.1077791
-2.1241243
-2.6620803
-2.6620803
-3.1653006
-3.5641966
-2.9551995
-2.6183368
-3.2775633
-3.4621523
-3.1807369
-2.8502861
-2.7292579
-2.6967904
-2.6591236
-1.1435978
1.6852404
-2.56541
-2.6473728
-3.082303
-1.2364497
-2.9101546
-2.4210601
-2.6692757
-2.731886
-2.6660366
-2.8451266
-2.670737
-3.1929399
-3.071654
-3.3161937
-3.2055631
-1.8402065
-3.599196
-3.2461829
-2.7313187
-2.3144198
-2.8405914
0.85704775
-3.1955709
-1.8049425
-2.376862
-2.376862
-2.8022477
-2.8022477
-1.5687258
-1.5687258
-1.6000715
-1.6000715
-2.8152946
-2.8152946
-2.034982
-2.034982
-1.9206749
-1.9206749
-3.3279057
-2.6201718
-2.64085
-2.354362
-1.9849813
-2.1705131
1.5090788
3.0599568
-2.8423655
-2.3044588
-2.410115
-2.8340259
-1.4344007
-3.3279592
-2.0857792
-0.80672948
-1.3133535
1.537854
-1.6286853
-2.5116044
-1.4451855
-2.9230682
-3.5539351
-3.0492108
-3.9969404
-4.0714785
-2.5953469
-3.2486395
-2.8806043
-3.0666199
-2.4753607
-2.1129881
-1.5666217
1.5450494
-2.8200667
-2.6583225
-2.5590753
-3.3132435
-2.5390214
-2.4625039
-2.8312833
-3.8507407
-2.4464406
-2.7843472
-3.1367666
-2.3941847
-3.0142615
-2.4354709
-2.1180101
-3.636142
-2.0520527
-2.5719931
-3.0280236
-2.8598712
-2.509688
-2.782995
-1.8447371
-1.9648178
-1.5100568
-1.6361058
1.6605907
-4.1686569
-2.6292656
-2.7727775
-2.4007862
-2.1800034
-3.5694987
-2.3694484
-3.9525077
-1.9286282
-1.9286282
-2.9692908
-3.1924431
-3.1782435
-2.8764931
-3.4302409
-2.5523866
-2.0563199
-3.8637054
-3.2446935
-3.5870712
-1.5885604
-1.6627211
-2.2240561
-2.5312077
-3.4115621
-1.6891544
-1.6891544
-3.0265569
-2.0634013
-2.4236285
-3.5401378
-2.5430614
-1.485624
1.676596
-3.7648022
-3.0665394
1.9307323
3.4816102
-2.3074585
-2.9657937
-2.2540044
-2.9524964
-2.325258
-3.0878087
-1.8599013
-1.6150224
-2.9593551
-2.3831238
-3.3973805
-2.8271684
-2.3911747
-2.9830876
-1.7559223
-1.7559223
-3.2708136
-2.5180808
-2.3030515
-2.3030515
-2.1574725
-2.9330764
-2.9330764
-2.3666527
-1.9080372
-2.4163689
-3.1803934
-3.1466848
-2.971404
-2.3041358
-1.9978927
-2.982586
-2.1858492
-2.2105491
-3.3241242
-2.3521804
-2.2734913
-2.5606336
-3.0269343
-3.0269343
-2.6511009
-2.4977236
-2.4056144
-2.4486322
-3.5763475
-3.4473276
-3.4473276
-3.2316186
-4.6623969
-2.5454479
-3.4307227
-2.6775739
-2.1158977
-2.0692595
-2.5503149
-2.0768958
-1.7180956
-3.1940216
-0.92757304
1.2411307
-2.8446044
-2.8794919
-2.9449092
-2.8492517
-2.5432448
-2.4316174
-2.8012289
-1.7624912
1.8923162
-2.6239191
-2.6239191
-2.7429813
-2.7429813
-1.6884174
-1.6894506
-1.6894506
-3.8569204
-3.8569204
-2.0509638
-2.0509638
-1.9326457
-1.9326457
-3.9681058
-3.9681058
-3.3509434
-3.3509434
-2.602192
-2.602192
-3.9027493
-3.9027493
-3.9126117
-3.9126117
-2.2248655
-2.2849362
-3.436884
-2.7789351
-2.7789351
-2.8982576
-2.8982576
-2.8014686
-2.8014686
-3.7659251
-3.7659251
-3.8695496
-3.8695496
-3.1082596
-3.1512774
-3.3978411
-3.7017921
-3.715882
-3.5050452
-3.5050452
-3.7413168
-3.7413168
-2.6737427
-2.630829
-3.089748
-3.1408498
-3.1652987
-3.0835305
1.6600377
3.2109157
-3.4977018
-3.4639932
-2.7463027
-3.8540201
-3.8540201
-2.5998463
-2.5998463
-2.2041771
-2.2041771
-3.7837834
-3.7837834
-3.435332
-3.449422
-3.3977677
-3.4407855
-2.5168488
-2.5168488
-2.6794823
-2.6794823
-3.5078533
-3.5285315
-3.7476142
-3.2154484
-3.245872
-1.4462866
-1.6009038
1.2139007
1.7645024
-2.7644086
-3.3086181
-2.5820494
-2.8001814
-3.4570323
-3.5149339
-2.4177681
-3.2070548
-2.2853103
-3.0732004
-2.7987431
-2.6875987
-3.5348224
-2.5566875
-3.9785041
-2.9372609
-1.5059814
-2.2490503
-2.3703897
-3.8765723
-2.0741064
-2.6200858
-3.4079778
-1.9585572
-1.5219027
-1.9032928
-1.5339358
1.395002
-3.3156729
-3.5935293
-2.9815613
-2.9778339
-2.4312403
-3.8185927
-3.586628
-3.0200319
-2.5264787
-3.0831132
-4.0468557
-3.002545
-2.7861826
-2.5883871
2.5713979
-3.6015128
-3.265955
-3.265955
-2.8257835
-2.8257835
-3.4588884
-3.4588884
-2.319747
-2.319747
-1.3507779
-1.3507779
-3.0320552
-1.5185259
-1.5185259
-2.5314885
-2.8330797
-2.9193439
-2.9193439
-2.8792381
-2.8792381
-3.3528019
-3.3528019
-2.9864511
-2.9864511
-2.963132
-3.2827249
-3.2827249
-2.3892178
-2.3892178
-3.566581
-3.566581
-3.687598
-3.687598
-1.5555316
-2.3208992
-2.3208992
-3.807074
-4.0217473
-2.9010852
-2.9010852
-2.7135262
-2.3280671
-3.9965885
-2.5599641
-2.7953702
-3.0872246
-2.9533388
-2.6074506
-0.51177706
0.43711382
-2.9112947
-2.7398118
-2.7227237
-2.8086696
-2.1875287
-3.8464601
-3.2270279
-2.8956573
-1.8955341
-2.0207966
-3.4247985
-2.1536469
-1.8050166
1.9804223
-3.4756991
-2.0776992
-2.1081228
-2.8294779
-1.339389
-1.9645921
2.0273623
-2.3325811
-2.5020578
-2.8900927
-3.1243614
-1.7916582
-2.5087012
-2.2400478
-2.4033877
-3.0471447
-2.6534725
-2.0097635
-2.8241608
-1.946428
-2.0627715
-1.8685899
-2.3054256
-3.0061391
-3.0979969
-3.0606312
-2.5119265
-2.8104352
-2.7467439
-2.8279142
-1.9387152
-2.3760317
-2.6115909
-2.0723515
-2.0838757
-2.5560578
-2.1188124
-2.4026287
-3.2419132
-3.1116641
-3.1616657
-2.3007217
-2.9201116
-3.2079516
-3.5883921
-3.7188529
-4.2039652
-3.0151573
-3.4708098
-3.341337
-2.8955631
2.0372791
-2.7266936
-2.7814468
-3.3858177
-2.9055428
-2.1168412
-2.1432034
-2.5990863
-2.5990863
-2.1487808
-2.1487808
-2.2232262
-2.2232262
-2.6105
-2.6105
-2.3853861
-1.51293
-1.51293
-2.8187357
-2.8187357
-3.3379739
-3.3950817
-3.2275405
-3.2275405
-3.3415017
-2.7376162
-2.1846016
-2.1846016
-1.9620073
-2.9041992
-1.7865336
-1.7967329
-2.2493123
1.0293915
2.5802695
-2.1797199
-3.8647657
-3.1623383
-3.1832202
-2.3081652
-3.0835399
-2.3208207
-3.3424911
-2.831808
-3.4595384
-3.0528158
-2.1127923
-3.2510427
-2.250277
-3.2261088
-2.2806755
-3.441315
-2.561097
-3.3313088
-2.1282565
-3.3743007
-2.176966
-3.2048781
-2.1757528
-3.2433105
-2.6098976
-3.3015137
-2.2600481
-3.3542524
-2.6858572
-3.2785701
-2.5590825
-2.3099158
-2.3099158
-4.2227802
-3.4426659
-4.0345224
-1.8104576
-2.7014338
-2.5401867
-3.4487886
-2.4670981
-2.8005836
-3.2401621
-2.5287083
-3.4355973
-2.183232
-3.2289985
-2.2878717
-3.3639992
-2.2715077
-2.9467976
-2.3304204
-3.4930744
-2.5596543
-3.5353255
-2.3789925
-3.0737759
-2.9438159
-3.0772117
-2.340245
-3.3636903
-2.3250957
-3.232738
-2.1259159
-3.8942014
-2.4879956
-3.4367239
-3.2159684
-4.0858792
-3.2690291
-3.1976856
-2.478777
-3.249392
-3.3904855
-2.3112014
-2.3318796
-2.7459798
-3.5576213
-2.6647856
-2.8084357
-2.4296189
-2.3312368
-1.4216832
1.251479
-2.6974632
-2.508349
-3.003973
-3.1866119
-4.0566193
-3.5852839
-2.6515588
-3.1883658
-3.8690841
-3.2124317
-4.636015
-3.9793289
-4.2299888
-4.2299888
-3.5115792
-4.0239823
-4.0446605
-3.9414895
-4.2690622
-2.8151633
-3.9005735
1.0738373
-3.2650819
-2.5971432
-2.6240288
-2.4869963
-2.3731833
-2.5408876
-2.3803988
-2.4702221
-3.3077851
-2.8615812
-2.9886727
-2.591067
-2.8381178
-2.662918
-2.7880614
-2.6866739
-2.9268609
-2.5392028
-2.9740631
-3.1284966
-3.0789394
-1.9880334
-2.8127448
-3.5705954
-2.4659453
-2.149303
-2.839181
-2.857644
-2.2934242
1.96924
-3.6837924
-2.9483814
-3.0728632
-2.784912
-3.3053709
-3.0022596
-2.0381608
-2.8587475
-2.3356408
-2.9634171
-3.1871858
-2.7454507
-2.7614046
-2.7717316
-2.6479287
-2.8643602
-3.4103533
-2.4610616
-2.4431915
-2.1552057
-2.7006087
-2.4918086
-2.9206494
-2.4335845
-2.216109
-3.1898773
2.0754106
-2.3741447
-3.6454818
-3.2022806
-3.2022806
-2.4825538
-2.4825538
-3.4700147
-3.4700147
-2.4984728
-2.4984728
-3.7473984
-3.0440511
-2.8762945
-2.1818857
-2.9238121
-1.2481062
1.4988565
-3.4060299
-3.0043391
2.04267
-3.0814876
-2.5671803
-2.1435783
-2.1435783
-1.5653888
-2.8629968
-2.893971
-2.2915698
-3.3363294
-2.2213235
-1.6627779
-1.8407788
-2.3521924
-2.093976
-3.103661
-2.0161845
-1.8821326
-2.4268858
-1.6210353
-1.7546601
-2.5713304
-2.3322895
-3.6880864
-1.6521898
-1.6888849
-2.0668413
-2.8563404
-3.5902849
-1.1219453
-1.6799347
-3.1562687
-2.7330734
-1.7464092
-2.5359083
-3.1507547
-1.7026812
-3.8359558
-1.9705935
-3.2624494
-2.5514879
-1.7582802
-2.3172188
-3.2319169
-1.6726656
-1.2470211
1.4617103
-2.4313543
-2.9535139
-2.862358
-2.8096193
-3.5048783
-2.1705662
-2.3925449
-2.7108751
-2.253404
-3.4431787
-2.7816704
-2.564598
-3.0520936
-3.0056577
-2.825197
-2.0575759
-2.0152537
1.6092408
-2.7298592
-3.0259453
-3.8886716
-3.4382718
-2.7101851
-3.4999968
-4.4475734
-1.8186112
-2.3089424
-3.5077239
-3.4366888
-2.9458804
-3.4741191
-3.5623171
-3.1151723
2.7589286
-2.73091
-2.0539854
-2.9412173
-3.0371689
-1.8482478
-3.3712518
-2.9236196
-2.4973376
-2.5160895
-3.1122906
-3.1519264
-2.6131392
-3.1350294
-3.071742
-2.451136
-3.1878946
-2.2512346
-2.9620144
-3.25808
-3.0627113
-3.1200582
-3.1839858
-3.4639427
-2.2126312
-2.652099
-2.7675646
-2.6400977
-2.3900746
-3.9274436
-2.5367717
-1.8725193
-1.8579923
-2.6479005
1.930729
-3.0166984
-2.3310969
-3.5721531
-2.705596
-1.7890963
-2.4778792
-2.7494513
-2.8019126
-1.8573237
-3.4682633
-2.4311938
-3.351581
-3.7218512
-1.9637576
-1.4183799
-1.5426035
-0.55358134
0.092545994
-0.77993428
-3.1417015
-1.5697759
-2.4324351
-2.5716249
-2.0484587
-2.4910588
-2.0609868
-3.0107202
-2.7566074
-2.1471845
-1.7788466
-1.4754516
-2.2478342
-3.0066689
-2.5449903
-2.7750094
-1.5228189
-2.0327601
-2.2990455
1.8871937
-3.0976206
-1.8064023
-3.44761
-2.4142863
-4.4346952
-2.2144674
-3.3480694
-2.369018
-3.5644144
-2.2346614
-3.2452867
-2.6597452
-3.4923918
-2.7391203
-3.6790203
-2.3003907
-2.2043228
2.1414167
-3.0171284
-2.8626185
-3.4433306
-2.4109341
-2.6147101
-2.6147101
-1.8175352
-1.7502189
-1.9120981
-2.4496734
-2.8742223
-1.8143523
-1.6020984
-1.9105054
0.75353823
-2.9359751
-2.1012337
-3.5725099
-2.6620713
-3.1580659
-2.6248158
-2.0147281
-2.9372955
-2.4021212
-2.3617772
-2.7113681
-3.4411573
-2.7196316
-2.6065772
-2.6591759
-2.8647904
-2.8373462
-2.5625168
-2.4644501
-3.441289
-2.7902446
-2.9226393
-2.154145
-2.2900874
-2.6322327
-3.4295723
-1.3043061
-3.3013964
-2.3517257
-2.3372064
-1.7167606
-2.3020215
-2.3746808
-2.1449348
0.55936891
2.4566198
-3.4525372
-3.3752743
-2.7884536
-3.0005291
-2.6073188
-3.0499606
-2.4804992
-2.4216934
-2.1908621
-3.2177284
-2.2676239
-3.1869364
-2.7193474
-3.0525487
-3.1934306
-3.6696446
-2.5871024
-2.538898
-3.2798696
-2.5170938
-2.734464
-3.0806634
-2.8733295
-3.2416787
-3.0591005
-3.0802029
-3.2471533
-3.1434227
-2.802655
-2.2382159
0.67077593
-2.283602
-0.55004969
-3.059322
-2.7887227
-2.372555
-2.372555
-2.4552044
-3.6221607
-2.8980101
-2.8865871
-3.2582032
-2.9831852
-3.5398763
-2.2826609
-1.8104369
1.970074
-2.4265656
-1.8720976
-2.3114161
-1.6967343
-2.6669267
-2.7831648
-2.0992219
-1.7424724
-2.4408317
-1.8527349
-3.0326899
-2.6827496
-2.8688653
-2.4980037
-2.8244741
-3.133723
-3.4578074
-4.2414864
-3.6591908
-3.2999176
-3.7215759
-3.5478076
-3.6379986
-4.1560605
-4.0198038
-3.8628839
-3.5929866
-2.9200167
-3.0270544
-3.190563
-2.6546985
-3.7714168
-1.9335338
-2.6680899
-0.12805664
-3.4661487
-1.8667563
-1.3564829
-2.4176127
-1.9944715
-4.7409264
-3.5240883
-3.7839331
-3.7839331
-3.1288666
-3.6219909
-1.4142882
-3.1350407
-1.7955609
-2.8100353
-2.1953198
-3.6105341
-1.3141349
-2.1203262
-3.5547826
0.28584443
2.2857647
-2.8667889
-3.5410299
-2.0765186
-3.2356815
-2.3271438
-2.4553977
-2.3222526
-0.8021932
-1.3473347
1.4400009
-3.9851551
-1.3324532
-1.3324532
-2.2925301
-1.7653304
-2.0322677
-2.6727237
-2.5179744
-2.2960679
-1.7670692
-3.5088789
-3.5088789
-1.4070541
-1.4070541
-2.079868
-2.9670304
-1.0767353
-2.4295424
-3.3533913
-2.3859262
-1.4107857
-2.3009008
-1.9753941
-1.553647
-1.9840922
-0.53968203
1.2364929
-3.5027673
-0.98981465
-2.4395305
-2.4180847
-2.1766502
-2.4756133
-2.4897032
-2.730675
-2.6401089
-2.6401089
-2.6635717
-2.2123404
-2.9706856
-2.5857278
-3.1595516
-3.6209096
-3.0160528
-1.9063308
2.1402781
-2.8064119
-4.5389814
-2.9996043
-2.9996043
-2.6922926
-2.756244
-3.2433323
-2.3589165
-1.9709364
-2.0099235
-3.822858
-3.7014099
-2.352495
-2.416191
-3.2517772
-3.8733871
-2.2009945
-2.2009945
-1.0805452
-3.1773318
-2.7480586
-2.1995111
-3.0161814
-2.2129054
-1.5260024
-2.3013057
-1.3341485
1.6716543
-3.5737074
-3.1945341
-3.0765674
-2.8053494
-3.3143502
-3.2556109
-3.4930799
-2.2615615
-3.3559798
-2.8761165
-1.2212231
-2.9700398
-3.5537069
-3.3518304
-3.7519721
-2.6972953
-2.6972953
-2.7821213
-3.7769825
-2.4878277
-2.4878277
-3.6082761
-3.4713603
-3.2823231
-2.9919953
-1.2243643
-2.8003018
-3.7997433
-2.8406458
-3.8720006
-2.5383049
-2.7729825
-2.0242571
-2.0562618
-1.7560292
-2.3868368
0.071469185
-1.7076462
-1.5483837
-0.91064223
-3.4326969
-2.1353789
-2.6355816
-3.0082003
-3.4744802
-2.3815803
-3.4354896
-2.5544519
-2.4001372
-3.2261072
-3.3639788
-2.4407875
-3.3083878
-3.0588973
-2.925854
-3.1967876
-3.3501994
-2.7953773
-3.017004
-2.8023212
-2.898836
-2.638431
-1.8914376
1.8964026
-4.4294538
-3.6155334
-3.6155334
-2.6360273
-2.6567055
-1.9525984
-1.8852821
-3.4988525
-3.6763841
-1.5847035
-1.20432
-1.107657
-1.2071831
-2.5366374
-3.4409998
-1.9245342
-1.6247502
-3.0989798
-2.8586784
-1.6409667
-2.8920594
-2.7077706
-1.3002641
-2.1855457
-1.4304774
-2.3210448
-1.683092
-2.2480511
-1.1677635
-2.511523
-2.1770712
-2.2186261
-2.2148711
-3.8987686
-1.6193845
-2.6578466
-3.3642128
-2.5614307
-2.6597139
-2.6228212
-1.9520186
-2.1366214
-2.1591249
2.294151
-1.7638334
-1.7301248
-2.4847646
-3.1387131
-3.1684966
-3.0202598
-2.5657327
-2.8308257
-2.6740387
-3.5431704
-2.5488694
-3.4708999
-2.1896015
-2.6820995
-2.1134256
-2.634735
-2.9555145
-2.0266428
-2.9524746
-2.6702269
-0.57331822
-0.046163454
0.26407767
-2.3100342
-2.8749044
-2.1965835
-4.1001216
-4.0522911
-2.4779201
-2.1898433
-1.5679537
-3.2932279
-3.3201864
-2.2309872
-2.5590348
-2.5590348
-2.4211581
-3.413505
-3.5824542
-2.5540371
-2.2689942
-2.4076122
-2.4076122
-2.8471312
-2.8471312
-3.0905716
-3.0171471
-2.8276053
-2.4118677
-2.1007541
1.6476106
-3.4699571
-1.8411745
-2.232882
-2.281369
-3.7892151
-1.735426
-1.461927
-2.799723
-2.313309
-0.31346962
2.0751892
-1.5943298
-2.9542287
-1.4791991
-2.5372301
-2.9118225
-2.9118225
-3.1646949
-3.0693148
-3.0557134
-3.1128212
-3.0161506
-2.6138496
-3.5970724
-3.2175088
-3.2175088
-3.4002017
-3.4002017
-2.5913921
-2.6120703
-2.2985435
-2.3289671
-3.0945968
-1.4895653
1.261117
2.8119949
-3.565118
-3.1650031
-2.6045514
-2.4893535
-2.5702881
-2.0918676
-2.2366022
-2.812006
-3.1319099
-2.2725477
-2.2540433
-2.1856034
-2.1856034
-3.6204464
-3.4135985
-2.5453971
-3.1852865
1.3953839
2.2769681
-2.2186503
-2.8879898
-2.2722475
-2.0434601
-2.8867439
-3.6088053
-2.4853341
-2.753463
-2.9432359
-3.2623429
-2.9287156
-1.6828169
-2.629453
-2.2551756
-3.7537735
-2.8915294
-1.8951228
-2.5750217
-2.6748913
-2.6676761
-1.353429
1.6793966
-3.07566
-1.8508096
-2.0031822
-2.0074886
-3.7098269
-3.7198505
1.2095277
2.6191652
-0.83693899
-1.1528404
-1.5621741
-1.5621741
-3.0864922
-2.8832749
-1.3049257
-1.3049257
-2.876161
-2.300928
-2.5297443
-2.5299943
-1.7601675
-2.9051543
-2.0277558
-2.048434
-2.4052434
-1.2767787
-2.8026485
-1.2977643
-0.92942646
-3.1949603
-2.1329661
-2.889072
-2.6834975
-3.4700391
-1.3202337
1.5519874
-1.7852351
-2.1373578
-3.2420347
-4.1059353
-3.3422432
-2.7373794
-2.5478078
-1.6225582
-2.0222843
1.7064585
-2.7334379
-3.214535
-3.8579104
-2.3383636
-3.0666628
-2.9649696
-3.0372791
-3.5572631
-1.7993984
-1.5362245
0.2270316
-3.2327665
-1.3806732
-1.3806732
-2.1444403
-1.422397
-2.3461902
-3.4710975
-3.4710975
-3.0173677
-3.0173677
-1.9107979
-2.2758337
-2.2758337
-2.7675415
-2.4199851
-2.6345875
-2.6251214
-2.2115291
-2.6729874
-3.2905688
-2.4821522
-2.3474248
-2.5225616
-2.7703803
-2.6457213
-4.2810199
-2.2569657
-2.9148865
-2.94531
-2.3605095
-2.4034777
1.1768271
2.7277051
-3.1821298
-2.4666689
-2.9503874
-2.9673615
-3.0402755
-1.9830016
-1.1599054
-3.0388285
-3.672865
-3.5129994
-3.8950933
-3.7210113
-4.1059828
-3.9257829
-3.564141
-3.6185777
-3.5864311
-0.93415178
-1.2138752
-3.208931
-3.1953634
-2.3619479
-2.5387942
-2.0492703
-1.2902265
-1.7942485
2.1028276
-2.9390009
-2.9390009
-1.9089743
-2.9477492
-4.0731571
-2.9864115
-3.439264
-2.4971383
-2.225996
1.5511471
-3.3514586
-3.3043897
-2.5312897
-3.5357941
-2.2572302
-2.5037405
-2.5471609
-3.7203168
-3.2415288
-2.4943865
-2.6004303
-2.8810203
1.8918081
-3.4560164
-2.4000524
-2.11575
-3.0775246
-3.0309463
-3.0184355
-3.0184355
-2.8081817
-2.0974587
-2.2983941
-2.3023497
-2.3023497
-2.5824947
-3.5782385
-2.5960845
-3.5115809
-3.2214032
-2.9696787
-2.9696787
-2.9098121
-2.1858556
-2.0887439
-3.0521273
-2.0414455
-2.2514887
-3.151136
-2.5577217
-2.2887956
-2.2887956
-2.3637629
-2.3594823
-2.1773849
-2.7445899
-2.7827206
-2.1274845
-2.1387267
-2.8884805
-2.0593701
-1.9529322
-3.0252859
-2.8847415
-2.3471433
-2.4106003
-2.522919
-0.92021293
-1.1241815
1.1157099
-1.179492
-2.9810709
-2.6216279
-4.6564942
-3.7489243
-3.7489243
-2.1577536
-2.7578101
-4.1981931
-3.8019017
-2.2333868
-2.2333868
-3.1355131
-2.8314825
-3.4701038
-2.5270017
-3.0665595
-2.3851677
-2.1064412
-2.8064664
-2.3912961
-4.3058924
-3.0906977
-2.8725318
-2.0288553
-2.455926
-2.8934852
-2.8258111
2.3842812
-2.1901675
-2.0148835
-2.0148835
-2.6408623
-2.4560188
-2.1898901
-2.9393538
-3.1276358
-2.9231826
-2.4838637
-2.506563
-3.1519553
-3.3951622
-1.8305712
-2.4278162
-2.4278162
-3.3776955
-2.8026783
-3.2091493
-2.9942748
-2.4214458
-2.4214458
-2.8468395
-3.4324527
-1.8601792
-1.8601792
-3.1717191
-2.844879
-3.5421338
-2.5571815
-2.5571815
-1.8433535
-3.1513076
-3.3647724
-2.5059245
-2.5059245
-2.671456
-2.9353305
-1.9328438
-1.7570028
-1.7695526
1.6494085
-2.7807149
-2.8333819
-2.7855688
-2.6019802
-2.3411601
-2.5464425
-3.0355516
-2.9596254
-3.132416
-2.6614454
-2.2931076
-2.3054864
-1.7682564
-2.274796
-1.7919366
1.4805855
-1.6996777
-1.4996048
1.0622007
2.6709342
-3.6140921
-3.1872171
-2.8233475
-1.5946368
1.6043991
-3.2033399
-2.1828993
-3.3749315
-2.8663848
-1.7652335
-2.7513734
-1.9844318
-1.9844318
-2.2174269
-2.4397992
-2.0875991
-2.0875991
-2.2580264
-2.4091133
-2.4225875
-2.5325784
-1.8191672
-2.6862954
-2.0008119
-2.6556438
-2.1478336
-2.1685118
-1.9682154
-3.4516145
-2.5671763
-2.4088186
-3.211594
-2.5034443
-2.067022
-2.4707683
-3.1155805
-1.7127558
-2.6779668
-4.0825195
-1.5506903
-1.5334235
-1.7653726
-1.9441615
-2.586288
2.6682255
-0.84788328
-0.44201574
-3.0791307
-1.9342838
-2.349945
-2.0022652
-2.0429889
-3.0420969
-2.0281369
-1.6414472
-3.5424909
-1.9558998
-3.4836225
-2.4459355
-2.9396951
-2.4171573
-3.0597216
-3.0597216
-2.1510727
-3.6617313
-3.0367908
-2.5182921
-3.2442447
-2.51128
-2.51128
-3.2423926
-2.3724722
-1.9167751
-1.9761522
1.7258785
-2.4909533
-3.4890601
-1.237587
-1.2516769
-2.3744345
-2.3744345
-2.1582742
-1.5624438
-2.6810768
-2.7761882
-2.1245166
-1.9013389
-1.073392
-0.95738853
-2.4819836
-1.9831762
-1.4138147
-2.1922963
-2.9112953
-1.5961268
-2.46608
-1.7057541
-3.3589269
-3.1132686
-3.1724842
-2.9395795
-2.8203733
-2.7463033
-2.7695243
-3.109023
-2.5271799
-2.5628276
-2.2793733
-3.9144787
-3.3632294
-2.6423496
-3.1685742
-2.2771411
-2.6791974
-2.4970132
-2.6302519
-2.6302519
-3.5958724
-2.8930438
-2.5678697
-2.7473235
-2.9738539
-2.6928891
-2.9956394
-2.7355652
-2.9062483
-3.5098838
-2.0944194
-1.1988284
1.8846131
-0.27351474
-2.1248315
-2.0469501
-2.5109593
-3.2929698
-2.4510084
-2.6643841
-2.8792651
-2.6509286
-2.364125
-2.364125
-2.1167614
-3.1606289
-3.1939859
-2.4826412
-2.4641809
-2.4641809
-2.4229019
-2.8224973
-2.9280995
-3.1152954
-2.5833358
-2.5833358
-2.4510084
-2.5825171
-2.9125103
-2.9125103
-2.9282764
-2.8945678
-2.8586062
-2.3951086
-2.3951086
-2.8930095
-2.8930095
-2.4773706
-2.8457111
-2.7745273
-2.8936794
-2.7539148
-3.3680875
-3.0398792
-2.6678304
-2.395043
-2.0906947
-1.4949757
2.1034273
-3.3900154
-3.3900154
-1.9907946
-1.9907946
-3.1529148
-3.1791073
-3.3561827
-4.2562228
-2.8132371
-4.1146601
-3.4992202
-3.6826142
-2.0286391
-2.212652
-4.5825916
-1.9435506
-1.9435506
-2.7715201
-2.9051179
-2.9405724
-2.9405724
-2.649523
-2.4325848
-2.6294504
-4.0107364
-2.5448212
-2.5448212
-2.4224699
-2.4224699
-2.6858298
-2.6858298
-2.4909747
-2.4909747
-4.626612
-2.7311032
-2.7311032
-1.7122289
-3.8833151
-4.219342
-4.019766
-2.4586047
-2.7745493
-2.7745493
-2.2241909
-4.0982508
-2.0187131
-3.0859354
1.4345304
2.9854083
-2.6534542
-2.8743481
-3.4137198
-2.9196746
-2.8161529
-2.7288049
-3.3202164
-2.1064029
-2.0370058
-3.6001608
-2.3846625
-3.3003752
-2.2564689
-2.0770244
-2.4285107
-1.777099
-2.4478872
-3.4394617
-2.8588955
-2.6413944
-2.9766
-3.1055922
-2.7482223
-2.8200312
-2.5687503
-2.8047589
-2.21996
-2.7200004
2.0251514
-3.8455259
-3.3861616
-3.4068398
-2.8510861
-2.8510861
-3.1868431
-4.2754902
-2.0079946
-1.9173033
-1.8524469
-0.31882118
-0.39874372
1.3793886
-3.1158567
-2.9791966
-3.8492685
-3.8492685
-3.8492685
-2.9262889
-2.9262889
-3.5899559
-3.5899559
-3.9677523
-3.3949503
-2.998716
-2.8459251
-2.8459251
-2.8954819
-2.8954819
-3.4228764
-3.4228764
-3.1387454
-2.5126313
-3.9216765
-3.9521001
-3.1544637
-3.3399956
1.2722992
2.8231772
-2.8380596
-2.5678236
-2.7943061
-3.021925
-2.9292395
-2.2239512
-2.6387372
-3.0130713
-2.3286738
-3.3125864
-1.7409943
-2.1375444
-2.4469666
-2.6820988
-2.7540349
-3.195802
-2.812671
-2.2403738
-4.2310421
-2.5353546
-2.9738017
-1.8327117
-2.2785245
-2.5149381
-2.8899241
-2.4567147
-2.9776657
-2.8977479
-3.2134502
-2.9621459
-3.1252375
-2.3621417
-2.1871162
-2.068571
1.6952331
-3.7915611
-4.4794313
-2.2567653
-2.2684373
-3.2948673
-2.7627462
-2.2993321
-2.7694643
-2.5149304
-3.3431879
-2.5346988
-2.4060868
1.2134423
-3.4476583
-2.5495743
-2.253232
-3.2483653
-3.468089
-3.0053306
-2.2576095
-2.8556975
-2.1560303
-3.5912229
-2.2939074
-1.9862328
-3.007743
-3.007743
-2.9515345
-2.3219499
-2.3715778
-2.1370805
-3.0553839
-2.0243635
-2.4207699
-3.049028
-2.3275434
-2.4305549
-3.2251561
-3.7332607
-2.5986685
-3.7582384
-2.12606
-3.3113119
-2.4828692
-2.6749264
-2.3438988
-3.155102
-2.9298631
-1.7751587
-3.0946707
-2.3848288
-2.0086031
-1.8520779
-2.2991054
-2.4122585
-2.3160001
-2.6055073
-3.1542629
-2.5267404
-4.2069498
-2.2629033
-2.7083698
2.3594261
-3.3645457
-3.6052518
-2.4934484
-2.8071159
-2.7481174
-2.9091819
-3.4072945
-2.4986729
-2.9963325
-4.2733423
-1.6406178
-2.4182975
-2.7021046
-2.7021046
-3.5377317
-2.5310665
-3.1608127
-2.5562575
2.0214239
-2.9230239
-2.845761
-2.4334447
-3.5434308
-2.3970663
-2.2554229
-2.1386483
-3.3920988
-1.7028636
-1.9248609
-2.6576588
-1.6839491
-2.4669931
-2.975902
-3.5211289
-1.8164008
-1.818614
-2.4730602
-2.2000558
-2.7686019
-1.6584924
-2.7392519
-2.4364862
-1.7460762
-2.3348224
-3.031499
2.2611372
-3.0201763
-3.4334063
-2.7457494
-2.7457494
-3.0991255
-2.5868396
-1.8548809
-3.0311811
-3.0712496
-3.1810936
-2.21456
-2.4363131
-2.3689967
-2.6128095
-3.1462519
-3.0294413
-3.5807249
0.36203962
2.3459115
-2.2850707
-2.2257258
-3.419558
-2.7855236
-2.1921907
-1.8883707
1.2632622
-2.9371871
-2.1272773
-2.4574157
-3.3781629
-2.0980413
-2.4565978
-2.388486
-3.163504
-2.2543409
-3.1631359
-2.3712179
-1.6760945
-3.2033814
-4.0275357
-2.8838363
-3.5042647
-4.262905
-3.3216611
-3.453688
-3.3265109
-3.7737885
-3.0212282
-3.2552455
-2.6703582
-4.3427312
-4.3449907
-2.9293354
-3.2685924
-3.393945
-1.9296673
-3.1151551
-2.9129309
-2.8597444
-3.7295235
-3.2011366
-3.1007618
-3.0763862
-2.0171567
-1.0246761
-2.6117537
-2.6117537
-2.7928213
-1.887955
-3.1251056
-3.0248845
-3.0886406
-3.973864
-2.8811695
-2.0787385
-2.9728833
-3.3557006
-2.8186173
-2.7798952
-2.6802216
-2.7874775
-2.7200941
-2.6542858
-1.6897826
-1.7328004
-2.9627334
-2.9834116
-2.990572
-3.9991323
-2.689482
-2.3211442
-1.7686423
-3.6747868
-3.6752253
-2.5733366
-2.2868416
-2.9744817
-2.0823637
-1.5909442
0.73595425
-2.570439
-2.5845289
-3.6687852
-3.4688092
-2.8127599
-3.5854082
-3.5854082
-3.5050927
-3.5050927
-2.8742622
-2.8742622
-2.8089355
-2.8089355
-2.5513628
-3.0689787
-3.157687
-2.6467437
-2.5324166
-3.3483735
-2.1099715
1.8830634
-2.8312107
-3.2542568
-3.0680772
-2.0168368
-2.5834596
-2.3429003
-2.1366096
-2.2700564
-2.8562004
-2.613491
-3.1446272
-3.6303901
-2.1099812
-2.4489684
-1.9079249
-2.8887786
-2.0400947
-2.1604858
-2.75662
-2.3227796
-1.8072104
-0.46608686
0.93070965
-4.099957
-1.9404881
-1.9127423
-3.5488635
1.7072574
3.2581353
-2.5236428
-2.965025
-2.8540296
-2.758279
-2.7251495
-3.2285094
-3.0322178
-2.7143404
-3.1381651
-3.1817901
-2.7896495
-2.9042754
-2.9206019
-2.9754177
-2.4766603
-3.0440088
-3.3390108
-2.9403744
-2.5470661
-2.217381
2.4577133
-2.401081
-3.0328112
-2.8304655
-2.4621277
-1.820993
-2.8017051
-2.8519025
-3.2118116
-2.7722859
-2.0245055
-2.2473247
-3.0701772
-2.8389889
-2.309039
-2.3394374
-3.2370341
-3.8764615
-2.2474621
-3.9368205
-2.8725093
-2.7293245
1.1511814
-3.4294145
-3.0418577
-3.5218325
-3.1916298
-2.9292154
-2.4136176
-3.3062733
-2.9898185
-3.1580835
-2.8643842
2.12385
-2.128125
-2.4651752
-2.7645729
-2.0143293
-2.0419852
-2.0419852
-2.5902843
-2.3024474
-2.332871
-1.5045043
-1.6900361
0.67481947
2.2256974
-4.8629376
-2.5543393
-2.5543393
-2.5628548
-2.6058726
-2.3287905
-3.2410503
-2.7388116
-1.6676899
-2.7532693
-4.0551352
-1.7256215
-2.1911753
-2.4449446
-1.8787981
1.4672673
-0.7206422
-2.1700211
-1.8706764
-1.8366997
-3.6116018
-3.1334064
-2.5642116
-3.843952
-3.843952
-3.0692515
-2.2582387
-4.3601315
-3.1009405
-2.9866134
-3.093101
-2.7576772
2.2381421
-3.3839113
-2.9212567
-3.0947361
-2.7765818
-2.3763368
-2.6427209
-2.9483285
-2.0003448
1.6669313
-2.5551371
-3.1865943
-1.5431509
-4.6424016
-5.2947917
-2.4734942
-3.8212183
-3.3302285
-2.9830253
-2.5823752
-2.7850371
-2.9058264
-2.6634565
-3.9445402
-4.7440167
-4.6489548
-4.7188978
-3.9162601
-4.5270253
-4.2232561
-4.2483245
-4.2568213
-2.3700178
0.91865382
-2.4577742
-3.9364488
-3.1568071
-3.1392698
-3.2620078
-3.2649192
-3.3906986
-3.2523014
-3.2953192
-2.8254053
-2.9064716
-2.6471898
-4.2180452
-3.5044582
-3.446451
-2.2857355
-2.3777497
-1.7031168
-1.114713
-1.0145037
-0.42320519
-2.5145572
-1.2101293
-4.4512647
-2.9720133
-1.8146082
-0.40249731
-2.0947277
0.81141858
-3.9116283
-2.0642437
-1.9863556
-3.1302028
-1.5917958
-3.9147767
-1.91999
-2.8054108
-3.1146224
-2.97001
-3.9760964
-4.3343215
-2.4054122
-3.4230864
-3.6657067
-2.5514233
-1.7159242
-3.7002529
-2.8091251
-2.8042628
-2.3182324
-2.7942321
-2.2476357
-2.8838274
-1.8344029
-2.7424941
-2.2734655
-2.2794073
-2.8821939
-3.1920895
-2.2493881
-2.2346126
-2.2097164
-2.9740652
-3.1287705
-2.1235286
-2.5451303
-2.4280465
-3.4051436
-2.2406325
-2.6656401
-2.8650945
-2.278726
-1.9208479
-3.332626
-2.1306791
-2.3747615
-3.4560225
-2.8059305
-3.0004531
-3.9530943
-2.456365
-2.1237468
1.7456196
-2.1978566
-2.7095888
-3.10963
-2.9097484
-2.3538607
-4.359164
-1.9449744
-2.0695857
-1.9355709
-2.3185895
-2.2004661
-4.3064655
-2.5055564
-2.4934288
-0.99222138
1.4171662
-3.5251884
-2.4509855
-2.4407587
-2.4407587
-3.0667107
-2.910547
-1.3936445
-1.1743163
-3.4856901
-3.4226371
-3.1950594
-3.6692998
-2.840745
-3.4558752
-3.1860023
-2.3612691
-3.5718327
-3.5224314
0.21175081
-3.4211512
-2.1534003
-2.6871793
-2.0056874
-2.4337698
-1.9053674
-4.0739598
-1.9555468
-2.6230634
-2.8688278
-2.7153495
-3.3125114
-2.3648606
-3.5112035
-3.4524478
-3.114151
-2.4781732
-3.3021825
-2.459211
-2.4809964
-3.0612661
-2.7524793
-4.1858678
-1.9060542
-3.357777
-1.738344
-2.2894219
-2.5944303
1.6482942
-3.330212
-3.4648668
-2.9485598
-2.9485598
-2.0199455
-3.4043897
-2.8725177
-2.5956205
-3.3607518
-2.231741
-3.1629497
-2.5052448
-2.2582033
-2.6997775
-2.4617185
-3.0237216
-3.8694442
-2.4472396
-2.4103468
-2.8243405
-1.4439762
-1.3890043
1.5645117
-3.1537812
-3.1537812
-2.0040387
-1.608151
-1.8349596
-3.4437857
-2.1074489
-2.1074489
-3.1076544
-2.5092502
-3.7160945
-2.1321054
-3.08106
-2.9061848
-3.3482195
-3.0516244
-3.0720113
-2.9149802
-3.1398767
-3.0698632
-2.6308312
-2.4796441
-3.3669219
-2.9729138
-2.0564831
-2.5872608
-2.9996533
-2.7984052
-3.041198
-1.9829109
-2.2437546
-2.8710084
-2.7903155
-3.1817013
-2.7463423
-2.6642882
-2.6531957
-2.6531957
-3.1166557
-2.6002733
-2.0278387
-2.7489548
-2.2464962
-2.9746632
-2.8742995
-2.8306449
-3.7100971
-3.2688802
-2.6768662
-3.2119885
-2.9120529
-2.9570258
-2.7226255
-2.8384948
-3.0455084
-2.8248475
-2.8168555
-3.3099202
-1.9201238
-2.6397808
-2.4155772
-3.1910991
-2.9677874
-3.1839614
-2.9954959
-3.1685203
-2.6743973
-2.6743973
-1.7924932
-2.9755065
-3.1323548
-2.2592257
-2.957321
-2.4657919
-2.7265272
-3.1152072
-2.6234344
-2.5897258
-3.2248764
-2.9323957
-2.9944141
-2.6223389
-2.2387704
-2.2387704
-3.3469649
-2.991305
-2.2487437
-2.1362489
-2.6466095
-2.3728419
-2.6176238
-2.4569493
-2.7976991
-2.3668788
-2.843618
-2.559085
-3.5067867
-3.39345
-2.0464524
2.0806697
-3.3444092
-2.9055329
-2.3947677
-3.6006663
-3.1338179
-3.0245362
-2.8814737
-3.417343
-3.1842108
-2.8727238
-2.0041287
-2.2864432
-2.5672501
-3.5821301
-3.2731833
-3.2662888
-2.7234062
-3.5339551
-2.7825262
-3.0442931
-3.6908623
-2.5717986
-2.5345257
-3.5690675
-2.8927091
-2.4011234
-3.3980397
-3.4648626
-2.1431955
-3.0547561
-3.1672961
-2.676245
-1.6680941
0.71927456
-3.5815713
-3.7112759
-3.9842362
-3.0385472
-2.7707758
-0.39131998
-3.7483724
-3.9729209
-3.0876315
-3.6142804
-4.0920099
-1.982392
-2.0668731
-2.1626603
-1.2717821
-2.6768577
-2.119219
-1.8552308
-1.8552308
-2.636463
-2.6936461
-1.5268864
-1.5268864
-2.5018079
-3.7874032
-2.6524683
-3.4110291
-2.19563
-3.1204616
-2.4701064
-2.4701064
-1.9958733
-2.4976016
-2.8146544
-2.8146544
-2.7570561
-1.32209
-1.3625609
-1.3625609
-3.6370927
-3.9625212
-3.2834481
-2.0295803
-3.7490615
-2.3188465
-3.094409
-2.2411235
-2.0337905
1.9598939
-3.1355745
-3.1720175
-2.6784781
-2.4419626
-2.8421074
1.8172597
-2.830123
-3.2767854
-1.0538419
-2.5764451
0.46465698
-2.7460269
-3.5140815
-2.2522185
-2.4674605
-2.4674605
-2.2616878
-2.2024243
-1.7200133
-2.0048647
-1.9771189
-0.20213573
-1.0382804
1.2628747
-3.0168935
-2.5593074
-2.5022569
-2.8023854
-2.688908
-2.154669
-2.7993207
-2.7525826
-3.026561
-2.9638043
-3.4805347
-2.8543447
-1.7091077
1.6520216
-2.24037
-3.1620159
-2.4757613
-2.8774133
-2.8774133
-3.7278452
-3.4388941
-2.9491917
-3.2784507
-2.3419873
-2.2990736
-2.8634279
-2.8356821
-2.225445
-0.72869352
1.3580329
-2.7262785
-2.936125
-2.6070631
-3.3014367
2.3642682
-3.2205192
-3.574722
-3.1710547
-2.3812896
-2.0322965
-2.9790205
-2.7720243
-2.6164462
-2.6420069
-3.0602898
-2.3392764
-3.0748056
-2.5314398
-2.213148
-2.9976389
-3.0869809
-1.9478943
-1.61159
-2.7215307
-2.1857689
-3.214781
-2.7845057
-2.4851438
-3.5837403
-2.9726861
-2.4704709
-2.9918702
-2.9935321
-2.4905154
1.8685565
-3.8129549
-3.4290205
-3.4666404
-2.3974006
-3.4051655
-1.555489
-2.3715959
-3.3782729
-3.1007415
-4.4074582
-2.5014499
-2.3746353
-2.5266611
-2.5460627
2.519214
-3.1773701
-2.3549276
-3.5909081
-3.6029468
-2.0673921
-4.1996715
-1.9795577
-2.7090097
-1.6853846
-1.7146249
-2.6938414
-2.6969898
-3.1594085
-2.7521514
-1.9773035
-1.6796426
-3.458684
-2.1923687
-2.4125634
-2.5462666
-4.0737204
-3.2875899
-2.9764517
-2.29558
-3.1398018
-2.0974086
-3.6404181
-2.1363957
-3.5991391
-3.1254712
-2.875092
-2.6720444
-2.2374104
-1.7402254
-2.0086998
-0.4914965
-1.1881907
-2.6981967
-2.7286203
-1.6003343
-2.0611429
-1.9959285
-1.2986683
-1.9630181
-3.4687093
-3.459182
-2.6898125
-3.3591634
-2.1357424
-3.1591862
-2.5140119
-2.7275305
-2.2831688
-2.9432528
-3.0283011
-2.3378607
-1.5121452
-1.9471772
-1.6213706
1.85562
-0.95528692
-4.5998728
-4.2159143
-2.5845104
-4.2583794
-1.8328386
-2.5046769
-2.3978464
-2.9340887
-2.4559595
-2.665793
-3.0599139
-2.3281758
-2.4713478
-3.8695565
-2.3235573
-2.4812541
-2.890419
-2.65656
-1.9973861
-3.4822308
-3.2167979
-4.1241585
-2.7067286
-2.9682894
-2.9682894
-2.4900136
-3.2569404
-2.5383122
-3.8914007
-3.4691323
-2.7668692
-3.1150463
-3.9978597
2.6482752
-2.2607184
-2.912122
-2.3642745
-2.6276427
-2.6531556
-3.3793775
-2.2031134
-2.8729268
-2.065385
-3.7241182
-3.2081312
-3.0211954
-2.9753505
-2.7201704
-1.7483491
-2.0226363
-3.1419501
-2.0909052
-2.3875559
-2.4359114
-2.8690506
-1.2378055
-1.1359143
-2.1438381
-3.1877768
-3.020559
-1.4305153
-0.86523454
-3.2090103
-2.2393402
-3.2350271
-1.4164045
-1.0592276
-1.8945447
-0.22405247
-2.8831899
-2.5599932
-2.6310916
-2.6956852
-3.2037966
-3.3385237
-2.3841039
-3.5531585
-3.0249125
-1.6515708
-4.1341638
-1.687687
-3.7613569
-3.4168725
-3.4945112
-2.322644
-3.5566381
-4.1282158
-2.2562773
1.451362
-2.6614527
-2.4823996
-2.4823996
-3.5279561
-2.6514437
-3.7888922
-2.4113857
-2.4113857
-3.554381
-3.554381
-2.7951187
-2.8092086
-1.8768821
-1.8768821
-1.6724259
-1.8870991
-4.4634275
-3.7303514
-3.707788
-3.707788
-3.289023
-3.2217067
-1.124746
-1.7457794
-1.7705335
-0.58115641
1.7327828
-2.9380822
-2.985674
-2.985674
-2.5864897
-2.5864897
-2.5138491
-2.4074785
-3.2108903
-3.2108903
-2.3397029
-2.3397029
-2.3516383
-2.3516383
-2.9514994
-2.0028463
-2.0028463
-3.1845278
-3.1845278
-2.2578395
-2.2578395
-3.0278023
-3.0278023
-1.7891602
-1.7891602
-3.0664894
-3.0805793
-2.4856249
-2.4856249
-2.1991468
-3.2112269
-2.7902013
-3.0048745
-2.5599952
-2.5599952
-1.9859206
-1.9859206
-2.5684053
-3.2142321
-2.7785779
-2.575559
-2.4612319
-1.8508759
-1.0313008
1.5780794
-1.6499209
-0.61513567
0.72774744
-2.5779044
-2.1017873
-2.913732
-1.1316781
-2.7060246
-2.0462826
-3.1699752
-2.517414
-2.708527
-2.4621704
-2.9195589
-3.6705527
-2.28259
-2.038488
-2.9831814
-1.4324451
-2.243963
-1.0422374
1.3365565
-3.3415259
-2.7530584
-2.7473523
-2.6808565
-2.708902
-3.7852914
-1.8829961
-2.160566
1.656583
-2.9344672
-2.9637075
-2.7926464
-3.0195252
-3.2979717
-3.7336504
-3.715972
-2.7322996
-2.2486644
-3.1341812
-3.9288508
-2.9287312
1.2858823
2.8367603
-2.042482
-2.7210321
-3.9252334
-1.7332975
-2.8758752
-4.6025978
-2.9649476
-2.9649476
-4.2393933
-2.0269191
-2.0468359
-2.6190054
-3.4244772
-2.6016268
-2.7405639
-3.4774923
-1.8415576
-2.6896714
-2.9829568
-2.9373422
-2.6267434
-2.7916391
-2.8970565
-2.115343
-4.4588761
-3.9006464
-2.942507
-1.8846576
1.6289734
-3.1915676
-2.27759
-2.27759
-3.0525105
-2.0625736
-2.0625736
-2.765277
-2.7315685
-3.9188063
-3.9188063
-2.9344602
-2.9945309
-3.2769905
-3.2769905
-2.7428318
-3.5719927
-2.9819131
-2.9819131
-3.101853
-3.6794759
-3.48068
-3.48068
-3.5661278
-3.5661278
-3.0040806
-3.6446639
-3.6587539
-3.4251572
-3.4761424
-3.5804226
-3.5362975
-3.9667955
-3.6055649
-3.4121015
-3.2269502
-2.6732154
-1.2050569
1.5198176
-1.6074248
-2.8159637
-3.8132799
-2.6170225
-2.6170225
-1.9107408
-2.7984333
-3.9470436
-4.0212042
-1.9956561
-2.9076922
-2.8659394
-2.194228
-2.8912432
-2.4621284
-2.536289
-3.064845
-2.4533732
-2.5275338
-2.1469433
-2.4179079
-2.4179079
-3.9525889
-2.4997829
-3.246983
-2.6450624
-2.3438176
-2.1994068
-0.36941492
1.9197828
-2.64632
-3.3935554
-3.126652
-3.0316471
-2.6350408
-2.6026993
-3.081433
-2.5708274
-3.2863117
-2.6436327
-3.1879272
-2.1206413
-3.1287508
-3.5488611
-2.6795313
2.3016058
-1.872557
-2.7354511
-1.7285731
-2.3112546
-2.9765957
-1.8945534
-3.098236
-2.0712649
-3.1028199
-2.3688225
-1.8610066
-1.7636175
-2.7383447
-2.7840489
-2.005396
-2.699044
-1.4699389
-1.6152256
-4.2223286
-3.2207161
-2.8523783
-2.7422204
-3.5588907
-2.3532838
-2.0828127
-1.8924731
-1.5529802
2.4290103
-2.3474788
-2.8332685
-2.456259
-2.9322442
-2.6761271
-2.8548689
-2.739101
-2.1975552
-2.4912605
-2.7007962
-2.1654392
-2.6084475
-2.5697786
-2.4505276
-2.1183665
-2.1626304
-2.6521308
-1.9128846
-2.3781484
-2.8227864
-2.4897174
-2.165345
-1.9838213
-2.7905616
2.190664
-1.6201866
-2.1921715
-2.8893604
-2.4671651
-2.0436542
-2.1758236
-2.2438208
-3.6606838
-2.9241909
-2.9695542
-1.9349758
-2.4254835
-1.9344603
2.2103972
-3.0061965
-2.969062
-3.8127217
-2.3967841
-4.1291419
-2.3655792
-2.8221952
-2.3903184
-2.4109966
-2.4407661
-2.722989
-2.2297811
-1.2034896
2.5048386
-2.2447358
-2.1501858
-1.8860029
-2.7026732
-2.8624756
-2.7461865
-1.6067902
-1.3101954
1.3993012
-2.9158077
-2.9661887
-2.4040117
-2.6634784
-2.8660268
-2.6979552
-3.2415458
-2.9811969
-2.6320443
-3.3765729
-2.5824849
-2.4735214
-2.5515622
-3.4172656
-3.3253749
-3.2335456
-2.6936184
-2.8256628
-3.2074537
-3.0089889
-2.9304355
-2.7232633
-3.6768264
-2.6938356
-3.4359215
-2.3896986
-2.2151759
2.2316188
-3.137387
-2.655021
-2.872194
-2.5096124
-3.1641387
-2.6175484
-3.159028
-2.0232387
-1.8032788
2.0065142
-2.6353897
-3.1870466
-3.0968545
-2.660917
-2.0422007
-2.0589795
-2.0589795
-3.0059455
-2.4707306
-2.7025593
-2.6916399
-3.1533396
-3.6282461
-3.1662768
-1.834937
-1.4962691
-2.8164322
-2.7457074
-1.2978506
-2.0430604
-0.55675719
1.4759971
-2.8421075
-2.1818199
-3.1159108
-2.9132495
-2.7671648
-3.2017481
-1.665786
-2.3552926
-2.1748579
-3.464857
-2.3911683
-2.3950959
-2.3950959
-2.6373947
-2.2139413
-2.133137
-2.7906905
-1.905098
-1.905098
-3.7799965
-2.0200049
-1.879592
-3.2816371
-2.7721531
-3.9772604
-3.5795624
-2.1868982
-1.0149107
2.0055828
-3.079481
-2.1461919
-2.5318801
-2.7898555
-2.7391314
-2.6571324
-3.6501669
-2.4555038
-2.8008653
-3.421379
-2.806668
-2.5119158
-2.9195352
-3.4297201
-2.6466853
-2.5410831
-2.7669163
-2.7287856
-2.8057265
-3.2381236
-2.1029777
-2.344601
-2.7236593
-2.7971178
-2.1869481
-2.6099573
-3.8740677
-2.5176133
-3.0783173
-2.713914
-2.406544
-3.1270198
-2.6703431
-2.611006
-3.6168122
-2.5209477
-2.5020231
-2.6491859
-2.5550635
-2.8720335
-2.4906384
-3.4072548
-2.8486969
-2.707644
-2.8889075
-1.3579452
1.8383775
-2.6923091
-2.4740956
-2.5507043
-3.0468235
-2.8107715
-1.906857
-1.906857
-3.4507041
-3.4507041
-3.354522
-3.354522
-3.2574705
-1.7636116
-1.7636116
-3.2484754
-3.5215622
-3.2115136
-2.71922
-2.2849799
-3.0150553
-3.6355873
-3.0993507
-3.2404442
-3.1005951
-3.2532831
-3.2707621
-3.4618251
-3.0214982
-3.0214982
-2.6778217
-2.6578549
-2.5588198
1.2064424
2.7573203
-2.8375108
-2.8038022
-3.3214277
-3.3415003
-2.4732927
-2.8079174
-2.7875575
-2.7751315
-2.9459958
-2.7987404
-2.7896534
-2.7752685
-2.5391876
-2.4606939
-2.8285825
-2.7107648
-2.7497706
-2.1632094
-2.5371551
-2.5173841
-2.6744953
-3.075279
-2.5446153
-2.5075126
-3.4995392
-2.3197875
-2.2229043
-2.1771757
1.5341843
-2.6631398
-4.2789719
-3.98031
-2.4524485
-4.3020557
-2.642994
-2.5619129
-2.686178
-0.71853678
1.6722293
-2.1753119
-2.1753119
-2.3344661
-2.0708045
-3.3107743
-2.273619
-2.273619
-2.1903723
-2.7109273
-2.7109273
-2.6508646
-2.1699872
-2.1699872
-2.1527855
-2.1527855
-3.3400252
-3.1400492
-3.2177022
-3.26072
-4.0312496
-4.0312496
-3.3058259
-3.3058259
-3.1425921
-3.1425921
-2.992653
-3.1748458
-2.8369316
-2.6703782
-2.316036
-2.2702161
1.8499625
-2.3496817
-2.3473897
-2.9988078
-2.0254938
-3.1527988
-2.5843474
-2.7522662
-1.7777005
-3.0896771
-2.8651861
-2.1027298
-2.7021527
-2.6448487
-2.3664238
-2.5025089
-2.2795158
-2.0128294
-2.5575111
-2.9331101
-3.0589331
-0.9909299
-1.6395867
2.0512433
-3.0238581
-3.1691448
-2.4000004
-2.4000004
-3.3840372
-2.9583932
-2.4559112
-1.5837656
-1.1231577
1.7050033
-3.1346209
-2.2927779
-2.6895827
-2.7414513
-2.7037987
-2.3667049
-3.5225386
-2.5384427
-2.7047032
-2.2660107
-1.281078
-2.5149024
-3.5064708
-2.445742
-2.7279907
-2.4236234
-2.4392916
-2.6620859
-2.8349152
-3.2417172
-2.8487109
-1.9491502
-2.5087985
-2.6945634
-2.7452203
-3.351632
-3.1930311
-2.6266258
1.3917232
-2.3541556
-2.3541556
-2.0795315
-3.1486577
-2.0640462
-2.4269172
-2.7714287
-3.421383
-2.8820852
-3.3859655
-2.6716524
-2.4857899
-3.3059426
-2.9790872
-3.1074795
-2.144351
-3.5549247
-3.0833553
-2.7647614
-2.8888429
-3.7839502
-3.315889
-2.5088465
-2.4305161
-1.8394456
1.1620509
-2.415095
-2.4136595
-2.415095
-2.39808
-3.0379753
-1.7012359
-1.7012359
-3.2140102
-3.2140102
-2.9781548
-3.1805191
-3.2011973
-2.064879
-1.9975627
-1.9975627
-3.1317826
-1.885025
-2.2300807
1.0182093
2.5690872
-2.8801397
-3.8160328
-2.8819302
-2.0636038
-3.5105911
-1.9756252
-2.6042043
-2.5993229
-3.0556521
-3.1727787
-2.2681103
-2.6221649
1.9381407
-2.4180917
-2.4605353
-2.3702936
-2.0901168
-0.8715898
0.30895578
-2.1883936
-2.2811006
-3.2283046
-2.487065
-2.993236
-2.4037555
-2.9761224
-2.9285702
-2.5850177
-3.9230341
-1.4353157
-2.5080288
-3.8138606
-2.2803209
-2.7278152
-2.6192033
-2.5725326
-3.8590152
-1.2037189
-1.9467675
-2.3314691
-0.51244119
0.028798619
-3.2850209
-3.2850209
-3.1102576
-3.3815112
-3.2376114
-3.0250671
-2.820865
-2.820865
-3.0878805
-2.4986818
-2.9068731
-2.8731646
-2.2752945
-2.3353653
-2.9849367
-2.9849367
-3.1649849
-3.1649849
-3.1259978
-3.1259978
-2.2886079
-2.9064316
-2.6411135
-2.6411135
-3.1026653
-3.1982433
-3.2355668
-3.2355668
-2.5920671
-3.2000136
-2.366645
-2.5500037
-2.6011055
-2.7653686
-2.9509004
1.1579859
2.7088638
-3.216853
-2.8135898
-2.9348135
-2.1681556
-2.1493604
-2.4472197
-3.0227186
-2.73968
-2.7247703
-2.5366536
-3.0991851
-2.4766997
-2.7760994
-2.5338085
-2.8016123
-2.819139
-2.512023
-2.7632043
-2.7907966
-2.5559606
-2.7019909
-2.7636506
-2.7516977
-2.6926467
-2.0979228
2.0558047
-2.6622685
-1.8596777
-2.3167259
-2.6363626
-3.1506251
-2.4767434
-2.080122
-2.5710764
-2.0953094
1.1984124
-3.3968683
-3.7113431
-2.9858521
-2.3042948
-2.7085996
-2.8374972
-3.1229307
-2.6502371
-2.2281523
-1.9991247
-1.9991247
-2.6078723
-3.6459637
-2.7128461
-2.9506488
-0.88258945
-1.5310449
-2.9134112
1.0112514
-1.5297066
-2.4142469
-2.7699313
-2.0487198
-1.9920941
-1.0824275
-1.6059974
-1.9426147
0.52868582
-3.3983288
-2.8064913
-2.9764302
-2.3907258
-3.2002863
-2.5015302
-3.2386227
-2.1882666
-2.0557198
-3.100989
-1.9962138
-1.9790561
-1.2180738
-2.0324765
-3.2646589
-2.7610075
-2.6089451
-3.3137353
-2.6418368
-2.3702985
-3.008985
-3.0100953
-2.8887866
-2.9272134
-2.8009858
-2.3084219
-2.186345
0.51529434
-2.9376367
-1.176811
-3.6455675
-3.24688
-2.2173566
-1.8928431
-2.1279476
-2.4475377
-2.1861555
-3.0180076
-2.6920959
-2.5635925
-3.1401671
-3.3940397
-1.3467472
-2.5150729
-2.3278946
-2.261634
-3.1197815
-2.066089
-2.3933005
-3.0432637
-2.5566981
-2.3523902
-3.3249323
1.2144295
-2.914099
-2.2501021
-2.7186651
-3.2782223
-2.7123875
-2.8989917
-3.0915313
-2.9904155
-2.8707823
-2.4840385
-2.8767549
-2.8109203
-2.5375732
-3.1292385
-3.9025619
-2.5325529
-3.1210418
-3.7360952
-3.6364874
-2.8198246
-2.4070355
-2.4070355
-2.9102821
-2.8200126
-2.9021164
-3.172406
-3.1386725
-2.7904297
-2.7272548
-3.2398949
-2.1623961
1.575694
-2.7255765
-2.4709405
-2.2572922
-3.11984
-2.4020436
-2.1755523
-2.1747141
-2.74989
-2.8110055
-2.5856146
-4.0920517
-2.7150395
-1.9177039
-3.4612261
-2.8831201
-2.5617561
-3.007963
-2.8784322
-2.878279
-2.3483876
-2.2257828
1.4952571
-2.30681
-2.628493
-3.0046329
-2.8222372
-1.7124213
-1.0844789
-1.2266371
-0.22378517
0.29222993
-1.2002249
-2.2827426
-2.3222059
-2.5003526
-1.6385128
-2.8987979
-2.4281402
-4.1805469
-2.7762877
-2.7762877
-2.3381903
-2.3381903
-2.6558824
-2.6792378
-3.4124128
-3.6691861
-3.6691861
-2.5989609
-2.5989609
-2.9272133
-2.9272133
-3.180894
-3.7227412
-2.9945942
-2.0016871
-3.4192261
-2.5964924
-2.5964924
-2.1586158
-2.1586158
-3.4885375
-2.8006085
-2.8006085
-3.6961049
-4.0289624
-4.0289624
-2.331922
-1.9033521
-1.5235986
-1.0366168
1.9229106
-3.3797914
-2.5947955
-1.7137878
-2.3515376
-2.4294257
-2.7895903
-2.146804
-2.1674822
-2.3740844
-2.3067681
-3.012607
-2.6337902
-2.2531086
-2.8883935
2.4008705
-4.6302612
-4.1459901
-4.3818451
-3.2919625
-3.2919625
-3.7909864
-3.7909864
-2.651871
-2.651871
-3.3653936
-3.3653936
-2.4107961
-2.4107961
-2.7043916
-2.7043916
-2.9263074
-4.1806159
-4.1947058
-2.3424066
-2.6407879
-2.3832027
-2.3832027
-3.5849297
-3.9635279
-3.6396346
-3.7827199
-3.2595855
-3.5743781
-2.8006779
-2.9137628
-2.2793723
-1.2507635
1.6616764
-3.6743455
-2.0770366
-2.0770366
-2.2367956
-3.9703531
-3.302193
-2.9057646
-2.9057646
-1.8385944
-1.8385944
-3.2833151
-4.0428136
-3.1320091
-2.9957311
-2.9957311
-2.9689791
-2.9689791
-2.2238784
-2.9675334
-3.0323489
-2.0946986
-4.1012434
-2.6845845
-3.7805259
-2.1578938
-2.6756159
-2.0209334
1.1115158
-2.7370592
-2.4528916
-1.246798
-3.1067511
-3.1067511
-2.3435691
-3.1764762
-2.7834668
-2.7834668
-2.7527485
-2.8001986
-2.7334067
-2.7511874
-2.4587334
-2.4587334
-2.9759698
-2.6510853
-3.0467286
-3.1849031
-2.6375223
-2.4931734
-2.4931734
-2.7236372
-2.714222
-2.7018517
-2.5778724
-2.3088987
-2.5970525
-3.4453095
-2.6717374
-2.6924156
-2.7547502
-3.4204904
-2.6360362
-2.2676984
-2.2718999
-1.9670136
-2.6897909
-2.4673669
1.6377182
-3.2539594
-3.7228618
-2.3302927
-2.4096924
-3.1398338
-3.1398338
-2.9922457
-2.9698826
-2.258041
-2.1978997
-2.9844257
-3.2005064
-2.386334
-2.4203722
-1.4806026
2.3851583
