2.4438662
-2.4735354
1.7249881
-2.1966092
-1.9343102
-2.2171441
-2.7012506
-2.8676249
-3.3680982
-3.0303863
-2.1646401
-2.4305277
-2.5458227
-2.3003283
-2.6307316
-2.7068936
-2.8598776
-2.4490276
-2.3226553
-2.6706663
-3.5495388
-2.5956693
-3.1692464
1.2945714
-2.3526099
-2.9090859
-3.5902064
-2.3766674
-2.6488346
-3.3864671
-2.3656358
-3.1164231
-3.7181046
-2.0824284
-2.4632034
-2.9115294
-2.8672558
-3.0550543
-3.0260727
-3.0445226
-2.995185
-2.043286
-3.3315143
-3.7685888
-2.723148
-2.7158814
-2.9910388
1.2819593
1.8573276
-3.7869526
-2.5219508
-2.4574518
-3.3179138
-3.3364431
2.5043813
-1.8128687
-0.92804646
-1.6430673
-0.68286682
-1.0552278
-2.45386
-1.219476
1.7105141
-1.5118329
-2.2054592
-2.4761178
-2.7625526
-2.9444645
1.9114799
-3.1964797
-3.0142105
-2.4250911
-2.4297343
0.47511227
-1.9726332
-2.933379
-3.1452121
-2.5977456
2.3623157
1.106683
-4.7741566
-3.1480789
-2.6753893
-3.5587973
-3.2714398
2.0181787
1.0649838
-2.810907
-2.8297848
1.6679754
-0.83575148
-1.8190695
-1.6891818
-1.2169987
-2.6034242
-1.6324317
-2.9912893
-2.5220087
-2.9153639
-2.9153639
-2.9153639
-2.5248409
-2.5248409
-2.9110806
-2.8771938
-2.8200903
-2.6096084
-2.131983
-1.7759465
-1.5370995
-1.4507903
-2.0595187
-2.2041338
-1.8661865
-1.814014
-1.9360171
-2.0001566
-2.2285278
-1.776249
-2.1704298
-1.9198124
-1.8872238
-2.0997351
-2.0715859
-2.0715859
-2.1613288
-2.3883159
-2.2250155
-2.2332113
-2.4019838
-2.5915226
-2.0278305
-1.88051
-1.88051
-2.7488646
-2.5003294
-2.069649
-2.9111644
-3.2413867
-2.4497964
-2.7295373
-2.2036993
-2.6827096
-1.7514904
-2.6057945
-1.6390081
1.9775549
-3.4082417
-3.2724865
-3.2958859
-2.7802194
-3.3531776
-3.8518477
-3.6178065
1.3830141
1.9462553
-2.287835
2.1156751
-2.4807646
2.1263565
-3.4263681
-2.5122015
-3.4582014
-2.6534512
-3.1463927
2.193686
-2.3387547
0.87175023
-2.2566754
-2.5292894
-1.9617383
-3.0192612
1.6941416
-3.1354255
-3.4875833
-3.3542974
-3.886376
-3.9792507
-3.9530493
-2.4526042
1.6972808
-1.0745126
-2.3857806
-2.9242455
-2.9942367
-3.2751223
-3.2731071
-2.6011001
-1.4313088
-2.5289848
2.0229873
-2.4225662
-2.1157926
1.7109462
-3.5623831
-2.630208
-1.6881132
-2.6962868
-2.501542
-1.997183
-1.9018855
0.14865107
-1.4520881
-2.8246584
-2.9154607
-2.4994643
-2.8187361
-2.3487104
-3.6391838
-3.3400067
-2.6277298
-2.6535107
-2.76807
-2.5710136
-2.9728797
-2.752328
-3.0949344
-1.7686653
-3.4536001
-3.9931445
-3.0990053
-3.4567041
1.9257533
-1.7442478
-2.1637836
-1.9449973
-2.6923497
-3.0619184
-2.9439957
-2.2961653
-3.1439223
-2.7107163
-2.4656517
-0.82809222
-2.4429788
-3.1625293
-3.062572
-2.1642468
-2.5172561
-3.0833467
-2.6531813
-2.9331584
-2.7906767
-2.008101
-2.1699819
1.460289
-1.4646312
-2.0298482
-1.6813873
-2.2654167
0.034651194
-1.697406
-2.4729638
-1.8483315
-2.4806506
-0.99096362
-2.9886752
-3.3134515
-1.9571273
-2.6623885
1.5925888
-2.5133437
-2.9739268
-3.48597
-3.6223619
-2.7635435
-3.4721094
-2.5623298
-3.4843788
-2.4785045
1.7190092
-1.5981969
0.98186553
-3.4469335
-2.9019564
-3.1209709
-2.7778124
-3.1853249
-2.3684093
-2.9826674
-3.0804387
-3.2042007
-3.1246042
-2.6382139
-3.0166063
-3.4496988
-3.0166063
-3.2573692
-3.6320698
-2.8122429
-3.2694999
-3.1891866
-3.0825465
-2.3921332
-3.2399458
-3.1938958
-3.1938958
-3.1938958
-3.0825465
-2.8615479
-2.9563078
-2.5324888
-2.9328557
-3.100104
-2.563891
-3.4037406
-3.281692
-3.0187548
-3.7733925
-3.458857
-3.4555262
-3.4127092
-3.7682782
-3.3229148
-4.1043213
-3.176376
-3.5826898
-2.8142218
2.355693
-2.884018
-1.9520721
-2.3633139
-1.5858226
-1.7707381
0.36780168
-1.9890082
1.565145
1.5914366
-2.1581523
-1.2720235
-0.54289958
-1.0451432
-0.9922248
-1.0654562
-1.2503975
-1.9155706
-2.6269663
-2.9136799
2.0784593
-2.637393
-2.5584592
2.2317042
-1.770459
-2.6631467
-2.5766226
-3.7115461
-2.8224054
-3.5891613
-1.4194025
1.6508636
-2.4680922
-2.3022487
-1.5690675
-2.7217451
1.7024644
-1.8634961
-2.2574592
-2.6389794
-2.3798494
-2.2009432
-2.926592
-2.6006994
-2.8548298
-2.1774209
-2.056461
-2.0333611
-2.6975555
-2.9694636
-2.4813662
-3.3038567
-3.3322389
-2.9708414
-1.4446007
-0.39789774
1.8005463
-3.0815453
-3.1300653
1.5236016
-2.0988418
-3.5381856
0.99864149
-2.4745235
-3.233292
-3.1169274
-3.363914
-3.6332786
-3.5123905
-3.4954024
-3.3785692
-3.586485
-3.3266896
-3.2691597
-2.9619645
-3.834799
-3.6533122
-3.4670607
-3.8911935
-3.5651649
-3.2096876
-3.6266899
-3.4690881
-3.4553396
-3.6462349
-2.7249368
2.0708101
-1.8816547
2.2008049
-2.9141581
-2.4335097
-3.2434813
-2.4096735
-2.9086033
2.263797
-1.973892
-2.8976469
1.3915018
-2.4970664
-2.6474387
-1.881541
-3.5839389
-2.7352164
-1.8335869
-2.6741254
-2.6144446
-2.9704088
-2.9706954
-2.5169735
-3.5392856
-0.74128191
2.3064586
-2.8964749
-1.3040502
1.0813547
-1.9192086
-3.408157
1.7624312
1.5181683
-1.826965
1.6392344
-2.0708652
-2.033019
1.702662
-2.7621567
1.6061148
-2.3546115
-2.7329845
-1.6901373
2.1917027
-2.8868493
-1.4863285
-1.9494333
-3.3551283
1.7223675
-1.3828745
-2.9680914
-2.1702747
-1.9504511
-2.005878
-1.1492181
1.4687271
-2.85864
-2.1926191
-1.8128531
-1.8506581
1.423699
-1.9940221
-2.9901597
-1.9177143
-3.3175579
-2.9846979
-3.60714
-3.568591
-2.9093801
-3.3056942
-3.0956683
-2.6558804
-2.1605047
-1.9602385
-3.3146338
-3.4072369
-3.6702456
-3.1766094
-2.8445962
-3.0378892
-2.4861606
-1.1657299
0.66317982
-2.2126627
-2.4226489
-2.7268582
-2.7376466
-2.4971426
1.000151
-2.0210349
-2.780407
-2.3610471
-1.6910246
-3.2374563
0.95637394
0.92059713
1.6993905
-1.2361766
-2.7439192
-3.3331119
-3.5856399
-3.0150125
-3.7192393
0.7640813
-2.5748041
-1.9374992
-1.1826122
-2.3658782
-1.816272
-2.3495262
-1.4397374
-2.3042926
-1.7987822
-1.9294733
-2.7592874
-2.7380182
-3.1956138
-2.4975238
-2.0077927
-3.2378177
-2.9137102
-3.1000112
-2.3949476
-3.5759043
-2.3368459
-0.086938337
-2.8142712
-1.5884691
-2.6156473
-0.36659755
-3.3962506
-3.1181368
-3.8921048
-4.6655487
-3.6095154
-2.8254178
-3.4935368
-3.8313406
-3.2031262
1.8640701
-2.0773391
-2.4248426
-3.3009596
-3.2299965
-2.4758646
-0.07151756
-0.32972222
-2.7246441
-1.5192777
-2.8054879
-2.8204347
1.7912832
-1.7075406
-1.9703823
-2.5690727
-1.9490834
-2.3390257
-3.03933
-3.490133
-2.7883325
-2.6693986
0.042940894
-2.604314
-3.3445356
0.28673151
-2.6358388
-1.8483588
-2.2794121
1.2299651
-1.8523478
-2.649127
-1.239525
-2.3594445
-2.7567786
-2.0169215
-3.455767
-3.1262263
-3.7665112
1.9376234
-2.5000809
-2.2247655
-2.196868
-3.1996813
-2.2396672
-2.7798043
2.3230341
-2.2852312
1.3990833
-2.5765878
-2.6069562
-1.5353278
0.87024745
-3.7444341
-4.2185866
-2.1498103
-3.6242014
-2.6811234
-2.6825616
0.48992284
-3.8110061
-3.3236046
-3.4855209
-2.6895531
-3.7722626
0.70469356
-4.0220026
-4.1906411
-2.9590797
-4.4197373
-3.5994259
-2.0480719
0.59918329
-0.22320413
-3.2981359
-2.1948068
-3.4732884
-2.5654281
-2.9421519
-2.4869154
-3.079158
-2.7364052
-3.2563419
-1.4013031
-1.9051693
-0.49227849
-3.617152
-2.6012881
-3.5763545
-3.1009611
-3.8882104
-3.2546051
-3.5623427
-3.6833615
-3.6576704
-3.2130938
-3.4126825
-2.9655409
-2.4302629
-3.0487608
-3.1683059
-3.6882426
-2.965242
-3.0093066
-3.6992268
-3.6017055
-3.2724991
-3.6882426
-3.3187888
-3.2684261
-3.0691049
-2.3742198
-3.1310132
-2.5756022
-3.6187762
-3.1531912
-3.0810763
-3.3060778
-2.8623414
-3.2868535
-3.3122523
-2.8235766
-2.5122687
-2.5793064
0.8045682
-2.3686061
-1.7845751
-1.6264951
-0.93591023
0.97069972
-0.55797238
-1.5774061
-0.35457569
-1.9334669
-1.6612884
-2.0864219
1.4797882
-1.7495896
-2.6398513
-2.4047405
-2.4735047
2.3579947
-2.5120032
-2.3600639
-2.7604049
-2.8650631
-2.2463439
-2.3935051
-2.1770636
-2.0696615
-3.2374807
-0.5111391
0.31032283
-3.2059341
1.6452259
-2.6645684
-2.877738
-1.5317295
-1.8949483
-1.8471627
-2.3986294
1.91167
-3.6666602
-3.587681
-3.5233874
-2.7613711
1.1223482
-1.7090757
-2.2874282
-1.9928772
-1.4267585
0.21455523
0.84621856
-1.3994891
-2.5662832
-3.3278033
-2.6836266
-2.6477145
-2.7902987
-2.3817114
-1.7423929
-2.2951768
-1.8537422
-1.6612713
-1.8537422
-2.3730544
-1.8375366
-2.3977448
-1.203662
-1.3133773
-2.1001322
-1.7120797
0.70893008
0.45562175
-1.7941087
-2.7119324
-2.4287603
-2.6905792
-2.759198
-2.1416699
-2.4323923
-3.6557094
-2.6266244
-3.0716818
-3.7792534
-3.5980281
-1.9894866
-2.0670846
0.27694342
0.27392452
-0.73029072
-1.0763896
1.4523298
-2.7971574
-2.3764608
1.9079175
-0.12428976
-1.4111893
1.106478
-2.7755047
-2.9867886
-2.341839
-3.5661435
-2.9725497
-2.7256207
-2.3631265
-2.7561221
-2.7984995
-2.5932835
-2.1754031
-2.6100089
-2.3309947
-2.8835526
-1.8281141
-1.795135
-1.7957835
-2.9599015
-2.5218699
-2.5982069
-2.1319062
-1.6013226
2.0789014
-2.6343751
-2.1941284
-2.2798795
2.3128333
-2.1685462
2.2987662
-2.7968795
-0.73666147
1.7477306
-2.435232
-2.5146714
2.3391389
-2.3211276
-1.2328984
-2.4019526
-3.190392
-3.1540716
-3.3221947
-1.9262983
-2.8664113
1.8948065
-3.123462
2.0029944
-0.16281354
0.24922603
-2.5023641
-2.3623
2.2053185
-1.9864586
-2.2303651
2.3716727
-2.5868574
-3.4100865
-2.3288427
-2.591657
-2.9790148
0.80205898
-2.1529066
-2.8623148
-3.6893772
-2.4700855
-3.9233245
-4.272679
-3.9991334
-3.0116371
-2.6800425
1.8831927
-3.0978637
-2.7712582
2.1130702
-3.0679953
-3.6494658
1.861719
-2.9149823
1.615383
-2.4273321
-2.1577301
-3.0607394
-2.0487308
-2.8821469
-3.2380506
-3.1231391
1.4703865
-2.3876104
1.7410088
-1.9076819
-2.9978449
-2.7071223
2.0382137
1.9377533
-3.6720626
-3.6612515
-3.2427299
-3.9581453
-3.0880076
-3.9962703
-4.2263597
-3.3488654
-3.9659558
-4.7852475
-2.8219002
1.3934334
-2.1923507
-2.9491065
-1.4567855
-1.0721284
1.0772959
-2.4696875
-2.7723213
-2.9853302
-2.8599204
-2.5637147
-2.2599256
-2.8737678
1.6692992
1.5791782
-1.5972454
0.77070719
-0.70828751
-2.2154125
0.96943402
-2.7123511
-2.8065573
-0.90132414
-3.0759705
-2.7355399
-3.1019864
-2.7200203
-3.3670369
-3.4127157
-3.0984363
-1.9868033
0.97084164
-2.3309453
1.9106464
-2.0824849
-2.1535232
-2.2208228
-3.1108657
-2.8421433
-2.7838686
1.7874461
-2.5108322
-1.9007809
-2.3901148
-2.7479321
-2.5949758
-3.0041876
-2.484251
-2.484251
-1.3999291
-2.4795418
-3.0772609
-3.4226271
-3.140205
-2.7321892
-2.7423303
-2.970484
-2.8769994
-3.3408766
-2.9425937
-2.6610511
-2.8914939
-3.1068486
-2.7367056
-2.9150981
-2.8341592
-2.8049776
-3.182758
-3.3216869
-2.7717759
-3.2737013
-3.0683243
-3.040991
-3.1704046
-1.8997205
-2.4570542
-3.2753657
-2.7819562
-2.7075313
-3.0118825
1.8716477
-3.7783216
1.6452345
-3.3455908
-3.8285279
-3.3050814
-3.7221423
-3.5103125
-3.427229
-3.5151704
-2.756773
-2.839844
-4.0224781
-3.5202255
-3.8737338
1.9849417
2.2607449
-2.7879697
-2.1590328
-2.6918087
-1.3494876
0.42754181
-1.7969089
-1.1006006
-0.84061285
1.4477374
-1.4376847
-1.56833
-1.7659389
-1.8381734
-1.6746746
-1.6828704
-1.8591025
1.3876736
1.8519852
-3.2748348
-2.7784714
-3.1162136
-3.2275357
-1.7908719
-0.49071093
-0.061939034
1.6302919
-2.1241063
-2.8829694
-1.4035833
-2.6149032
-2.02513
1.2392285
-3.1452238
-1.7921244
-2.6851836
-3.0394285
-4.4737703
-2.6447072
-2.9544422
2.0492236
-2.4743521
0.11696761
1.8003693
-1.7604163
-1.4458017
-1.0681254
-1.3952266
-1.6033764
-2.0378282
-1.3757543
-1.6128001
-2.3154573
-1.8248165
-2.0378282
-2.0378282
-2.312214
-2.4728409
-1.3325599
-1.9260241
-2.2329719
-1.2379163
-1.3303596
-2.1446982
-1.5643658
-2.3747773
-2.2400223
-1.399777
-1.3930226
-0.87852
-2.1968669
-1.3851645
-1.8859437
-2.3737993
-1.6258874
-1.4692302
-1.9274779
-1.8218011
-2.4129945
-1.2852698
-1.8180005
-1.5609856
1.5806903
-2.9815027
-2.1372483
-2.2786166
-2.9829235
1.9991128
1.9436021
-1.8688643
-1.2247262
1.9470155
1.5625256
-2.7306805
1.8518547
-2.2223441
-2.6371505
-2.7971511
2.0954882
-2.1895985
-2.5443947
1.5968931
-3.8034589
-3.6040706
2.1496649
-2.3584086
1.4614707
-1.4672729
2.353832
-3.2430603
-2.1046263
-2.9490566
-1.9108697
0.93444266
-3.0359184
-3.0045512
-2.3685065
-2.9398896
-3.0661621
-3.1393675
-2.3763616
-2.9854429
-2.7775271
-2.6280077
-2.1702259
-2.8592078
-3.2669515
-1.9559363
-1.7083802
-2.5943475
-3.1028748
-2.5040677
-2.5600617
-2.9550477
-3.6651593
-3.399813
-3.4644877
-3.3350741
-3.5824202
-3.0285967
-3.647095
-2.8151374
-3.647095
-2.6780971
-2.2212898
-2.7998607
-3.0565712
-2.491465
-3.2183423
-3.5605604
-2.6819621
-3.131874
-3.0682057
-2.5545137
-3.7095157
-3.1191259
-2.9292744
-2.8080261
-3.3279628
-2.8080261
-2.4069733
-2.620383
-2.4383661
-3.3478234
-3.0612521
-3.9580412
-3.1060319
-2.4320295
-2.9938978
-2.9268835
-3.1488472
2.263291
-1.7793269
-2.1805339
-2.5960095
-3.1995564
-2.1393948
-2.3002592
-3.8847724
-2.1394809
2.3482589
-1.7070263
-2.7944992
-1.5866005
-3.1128392
-1.9229436
-3.3957785
-3.2533171
1.823256
1.6257774
-2.2637082
-0.77282301
-0.67068215
1.202592
-1.0266711
0.19352634
-0.81015306
-2.6750222
-2.4881778
-3.0379277
-1.4828034
-2.2199979
-3.6806792
2.3599553
-2.337767
-1.8612225
1.6467966
-2.8803125
-2.4089844
-2.4753802
-3.021611
-2.9757231
-2.0484853
-2.0939666
-1.9218975
-2.3910934
1.7341246
-2.0020757
-1.8758187
-1.4690358
-2.0678458
-2.6935274
-2.8183926
-3.0175927
-3.0778051
-3.4438544
2.0953799
-3.1067738
1.7646843
-2.8363631
-3.0848601
-2.7041312
-2.8173922
-3.0760956
-3.0244249
-3.3363225
-3.5218713
-2.957954
-2.8542749
2.0183354
-2.76615
-2.8815253
-2.2330349
1.5224785
2.255401
-2.7541771
-1.0704645
-2.7194892
-2.6391016
-0.24120436
-2.9999504
-2.3978604
-2.8059743
1.3676033
-3.0360767
-2.8748042
-2.5723154
-2.4395496
-3.5682706
-2.8992679
-3.5091452
-2.8195696
-2.5434907
-2.5208756
-3.0047841
-3.3628551
-3.1793087
-3.2412911
-2.3578409
-2.5310189
-2.6781017
-1.7266133
-2.7357057
-2.0123975
-2.3645649
-2.5187452
-2.1735197
-2.1242332
-2.4754063
-2.3824016
-3.3356701
-3.2930558
-3.4719083
-3.2776503
-3.2842509
-3.3895618
-3.1317175
-2.3826674
-3.1570423
-3.2696693
-2.979696
-3.2917168
-2.7717802
-3.2195906
-3.1463139
-2.9496337
-2.6404263
-3.2590588
-3.8273544
-3.0940952
-2.8611739
-3.7093371
-2.6220704
-2.8047699
1.5379524
-3.1347119
-3.321225
-3.147729
-3.1538562
-4.0978974
-2.6155303
-4.0027459
-4.2341207
-2.2346804
2.1372139
-2.1419742
-2.3558522
-1.1760918
-2.7942025
-3.071237
-2.2012904
-2.2468379
-2.6201944
-2.2959443
-2.7616267
-2.3029252
1.6042736
-1.8141236
-1.0288115
-2.3803452
-2.6009337
2.1201474
-1.4440823
0.6524999
-2.6847751
-2.7597639
-3.189632
-3.7377802
-3.3445254
2.0174283
-1.5124206
-1.4916334
-1.7091147
-1.9912215
-2.2373258
-1.9004619
-1.5998912
-1.7622184
-2.3736707
-2.3740205
-1.3447518
-3.1273336
-2.6116434
-2.0925353
-1.8121784
-2.4716698
-2.8286535
-2.5423363
-3.1722991
-3.1484106
-2.2056461
-2.3059195
-2.724439
-3.2424702
-3.0877263
-2.9858111
-2.5217604
-2.4407204
-3.5940234
-2.4665157
-2.3607709
-2.5752704
-3.5105002
-2.6326522
-2.877843
-2.6849764
-2.8874654
-3.0817134
-3.0817134
-3.0817134
-3.0817134
-3.1277634
-3.575959
-2.7213854
-3.3076935
-2.6583432
-3.4190428
-3.7263545
-2.47333
-2.8595606
-2.0837499
-3.418757
-3.5458297
-2.2640837
-2.2640837
-3.073681
-2.8434316
-2.5537443
-2.8657651
-3.0795331
-3.2443782
-2.7244415
-1.6291267
-2.4315883
-2.6128653
-2.6146034
-2.6954234
-2.1754867
-2.4540681
-2.6179609
-1.9833174
-1.7962057
-2.4247519
-2.3125238
-3.2894558
-2.5243371
-2.2056817
-2.1715492
-2.9266242
-3.1343512
-1.8830591
-2.0124727
-2.3980219
-3.1129784
-2.6724467
-2.6625782
-3.0651538
-2.9092594
-2.8376359
-2.805376
-2.805376
-3.0060475
-2.452224
-2.4604198
-2.5717691
-2.2918629
-3.0060475
-3.0060475
-3.3251238
-2.6233719
-2.1034352
-2.0321526
-2.2264006
-2.1306056
-2.2006616
-3.0785328
-2.7152455
-3.8023747
-2.9225535
-2.1480715
-2.7328516
-2.212915
-1.8602137
-2.3801503
-2.0262937
-2.0443581
-2.7585427
-2.238606
-2.7134833
-2.4697411
-2.6150682
-1.9837822
-2.6932952
-2.2887925
-2.9806168
-2.5282792
-2.2205996
-2.1196589
-2.5288707
-2.6348016
-2.428423
-2.8125224
-2.2925857
-2.1812364
-2.8304078
-2.6434455
-3.0131939
-2.5707197
-3.2282659
-3.1037526
-2.6046066
-3.2539569
-2.7340202
-2.7340202
-2.4219993
-2.4219993
-2.941936
-2.4219993
-2.1722439
-2.7556662
-2.6228733
-2.6255724
-2.7432265
-3.2266208
-2.048413
-2.5220238
-2.6332043
-2.5000412
-3.0953635
-3.0953635
-2.3472355
-1.9217942
-1.8563632
-2.4307459
-2.2129405
-1.9301148
0.11620179
1.2437745
-2.5760411
-3.2455427
-2.6465548
-3.2360237
-3.2211865
-2.8974928
-2.5070925
-2.4202484
-2.9262541
-2.3941996
-1.9752295
-2.1015083
-2.8899441
-3.0682554
-2.9632287
-2.5542833
-3.0464287
-3.5530661
-2.8457572
-2.0829979
-2.8617329
-2.5900225
-2.9881464
-2.5448248
-2.8064563
-3.2474706
-3.025095
-2.8479275
-2.8479275
-3.3678642
-2.8479275
-2.7128819
-2.4583694
-3.0848184
-2.055751
-3.0631489
-3.4818054
-3.5693219
-3.2025904
0.062848114
-3.9691336
-2.9720005
-3.1108835
-2.3698736
-3.4683793
-2.67554
-3.1438145
-2.9760095
1.8285422
-2.7286572
-3.1349041
0.83924683
-2.9184536
-3.6446636
-2.9450295
-2.6638467
-3.7833574
-3.5035918
-3.6915249
-3.0623958
-1.9439846
2.2849876
-1.707249
1.2018918
-3.0423516
-2.7230908
-2.4616141
-2.1797454
0.41790049
-1.9329539
0.23775661
-1.6299918
0.58408699
-1.8485757
1.7826314
-2.7415832
2.0884074
-1.9853176
-2.1184481
-2.7240237
0.60712014
-2.1736185
-2.4516512
-2.3734443
-0.50324158
-2.2035036
-2.856767
-3.988486
-3.8825045
-2.1585254
-3.9716424
-3.7592633
-4.4212333
-2.8768628
-3.3870313
-2.4506231
1.831529
-1.7215819
-0.7509971
1.2082943
-2.8335308
-2.7369971
-2.6463476
-3.4489069
-3.1616598
-3.3030321
-2.2861112
2.0656754
-2.2250046
-2.1104392
-3.1601865
-2.7548491
-2.0858606
1.5871257
-3.0498026
-2.1069343
-3.3456855
0.20432808
-2.9874985
-2.8521869
-3.7595857
-3.2009333
-1.6162716
2.3201689
-1.7262889
-2.7333736
-1.8065651
-2.5577289
-2.9603238
-2.4685559
-2.3826667
-2.982271
-2.8087052
-3.2513029
-2.6093991
-2.7539314
-1.9575999
-2.8568368
-2.821921
-2.6857438
-2.2669839
-2.0669504
1.0123507
-1.231033
-2.0826385
-1.6806916
-2.1983925
-2.4887043
-2.4644167
-2.6137758
-2.4892033
-2.8880602
-2.8880602
-2.1117223
-1.8136016
0.10795393
-3.6830964
-1.5570728
0.87270247
-3.8728052
-2.9214122
-3.4907124
-3.3114157
-2.5923699
-3.0911856
-0.87538402
-1.4507831
-1.0895317
-1.1335147
-1.8045436
-2.8972785
-3.4195141
-2.7454863
-3.4179571
-4.0557184
-3.5379112
-1.4926424
1.9610649
-2.7664593
1.3070445
-2.1529041
-2.2187408
-2.7435749
2.4346558
-2.1104652
-2.2828814
-1.8306938
-2.8503892
-2.2509374
-2.5267124
-3.3833469
1.96505
-2.6467751
-2.5608402
-1.9876312
-3.3881377
-2.9983571
-2.7592102
-2.5384353
-3.1711966
-3.050086
-3.5040736
-3.4670216
-2.8751086
-2.8645231
-2.8188153
-2.3997389
-3.773259
-2.917024
0.67530801
-2.3924294
-1.9810235
-2.796321
-1.6181817
0.67856699
-3.1031083
-2.7228636
-3.4178252
-3.7310196
-3.3566667
-2.9288037
-3.4020793
-3.5247982
-3.8283141
-3.7328586
-2.22522
-2.2294564
-2.159784
-0.29938281
-2.2116822
2.3898661
-1.4040503
2.4163644
-3.3951827
-3.1143259
-2.9339618
-4.006566
-3.0706909
-4.0390822
0.1186791
-1.8447149
-1.7316524
-1.8041731
-1.7804621
-1.5298702
-2.4585851
2.2239337
-0.76704144
-1.6983696
-2.2183516
-3.5195398
-2.3248901
-2.3143193
-2.6887408
-2.7557942
-2.1969878
-2.194023
-2.191319
-2.6242227
-3.2080371
-2.6923837
-2.6923837
-2.6923837
-3.4599751
-2.2690135
-2.2690135
-2.6957412
-2.8070905
-2.8217973
-3.1479542
-3.1479542
-2.8960162
-3.341734
-2.5321682
-3.2263
-2.4889985
-2.8225994
-2.8921574
-3.08696
-2.9573028
-2.8212011
-2.1049761
-3.0463208
2.4944549
-0.9118743
1.2761351
-1.8671169
-1.6813406
2.2015862
-1.7889324
-2.2890992
-2.8702033
-1.9980899
-0.93127069
-1.6071007
2.0129176
-2.7287778
1.71905
-1.5818882
-0.2697765
1.0811299
-1.9831336
-1.5313834
-1.1045012
-0.9759935
-2.0547497
-1.6296535
-2.2819001
-2.1939486
-2.322701
-1.3565213
-2.5568598
-1.9912885
-1.9323479
-2.1374093
-2.3330072
-2.2765273
-1.8684496
-1.5773396
1.1678037
-3.441528
-2.3068111
2.3041079
-1.7332683
-2.8282023
-2.1303174
-3.1566291
-3.7853333
-1.2030746
-1.6716233
1.6586293
-2.8682027
-2.0069711
-2.4871066
-3.0464626
-2.3577231
-2.744727
-3.318391
-2.2405089
-3.0737425
-2.4560626
-3.5041029
1.3067828
-1.2875864
-2.6241821
-2.2477418
-2.1390369
-2.1787246
-2.0778003
-2.7097433
-2.6517377
-2.6224171
-2.2850023
-2.7553464
-2.6847042
-2.2370696
-2.55227
-2.6392451
-2.3107355
-2.1676425
-2.4039811
-2.2486597
-2.4071131
-2.2200014
-2.7347096
-2.5287451
-2.6557747
-3.4499766
-3.3710999
-2.4620953
-2.2520503
0.42194782
-2.624951
-4.2006593
-3.3597573
-3.9309944
-4.054862
-4.2266885
-3.5074529
-1.6898975
-3.1296178
-2.741624
1.297473
-1.0505422
-2.4744865
-2.5550802
2.1560751
-2.9607387
-2.5209457
2.1567262
-1.1580196
-1.6821478
-1.6505476
-1.998599
-0.6984414
-1.6527657
-2.1357016
-2.2535034
-2.0048214
-2.0999321
-1.0819383
-2.6028664
0.51534231
-3.0910724
-2.145743
-1.945249
-2.81422
-2.7126561
-2.4517152
-2.959489
-2.9636115
-2.558485
-2.9593282
-2.5841578
-2.4325242
-2.9760783
-3.0880918
-3.6073643
-3.4127363
-3.8754344
-1.1201939
-2.4114546
-1.9119605
-2.9811494
-2.5675436
-2.0877458
-2.5735027
-2.9172098
-1.7526157
-1.6277682
0.52896857
-3.3534619
-3.9786689
-3.3281052
1.2631499
-2.1624157
-3.0064964
-1.3214828
-1.0032805
-1.3425115
-0.82646617
-1.5138011
-0.77677819
-2.5570386
-2.7980899
2.060796
-2.8465415
-1.6063141
-1.8035426
-3.9340461
1.6885741
-1.5940749
-2.4426855
2.1134189
-1.4886631
-2.7126685
1.5265868
-2.1316725
-0.96675028
1.1355731
-3.4637084
-3.5444792
-2.9354114
-2.4034305
-2.4995076
-3.244428
-2.7697787
-3.2913619
-2.7302606
-0.99203048
-2.3129743
1.5144858
-1.4782748
-1.4321427
-2.2574367
-1.2570446
-1.614116
-1.4746144
-1.591799
-1.7307711
-1.9474738
-1.4998929
-2.1528744
-1.6747194
-1.5784671
-2.0274029
1.2103289
-3.9469471
-1.9172666
-2.8209709
-3.0780281
-2.5414446
2.0763012
-3.0462407
-2.7264005
-3.564842
1.2990995
-2.2680238
-1.8038366
-1.5221747
1.5740421
1.9722517
-2.8728318
-1.7735774
-1.908445
1.6499451
-0.61445252
-2.90832
-2.9047888
-2.9027256
-2.8157929
-3.0100408
-3.4584546
-3.4584546
-3.4245677
-3.4584546
-3.4584546
-2.513451
-2.7872444
-2.6011049
-2.8821783
-2.9304855
-3.2425063
-2.7225697
-2.7934451
-3.3596131
-3.3596131
-3.4890267
-3.4890267
-3.2547475
-3.5102606
-3.3581631
-3.0039624
-3.5238991
-3.2667246
-2.4895408
-3.1050043
-3.1050043
-3.0810838
-2.6497424
-3.2168466
-3.1985112
-3.0236587
-2.7061393
-2.7929834
-2.4653869
-2.7929834
-2.776258
-2.7929834
-3.7129469
-3.6545217
-3.1871982
-3.5636365
-3.5636365
-3.5088876
-3.0363031
-3.5100003
-3.1322754
-3.8655345
-3.5149007
-3.5158377
-2.7169167
-2.6298135
-2.4269757
-2.6875118
-2.6339339
-2.7997475
-2.1377687
-2.2555797
-2.2056234
-1.8463455
-2.1100917
-2.7689139
1.9756208
-1.9842555
-1.7064117
-2.6458422
-3.275059
-2.5793473
-2.9622682
-3.0016838
-3.1430074
-2.0408014
-2.8438895
-2.3971726
-2.9776766
-2.5155934
-2.9378574
-2.6112895
-2.9904706
-2.7235161
-3.2434527
-3.2434527
-2.420421
-3.093407
-2.861246
-2.8137374
-2.8542332
-2.9624248
-3.1317942
-3.2409773
-3.0072677
-3.4242701
-3.051087
-2.7652621
2.1526202
-3.8886658
-2.5093163
-3.0163725
-3.5038531
-2.9124477
-0.11593708
-2.5818997
-1.306343
-1.0096596
-1.7765357
-2.5925073
-2.9472512
-2.9044936
-3.1801019
-3.1701622
-3.2911334
-3.5797038
-2.0961851
1.2952336
-2.0985753
-2.3169439
-3.3889297
-3.565356
-3.2205374
-2.9692921
-0.77365644
-2.5645567
-2.1137701
-2.4894152
-2.7198521
-2.1338441
-4.1619997
2.3481134
2.1055432
-1.1731965
-1.393694
-2.9309295
-2.363506
2.5423273
-2.1142506
-2.0238993
-1.7045522
-2.5808096
-2.54086
-2.4517586
-1.6671116
-2.2419385
-2.6998991
0.57807581
-1.5313134
-1.9849435
-2.2523439
-2.5160374
-3.0053607
0.37828763
-2.9013775
-3.6895127
-1.3822764
1.7855086
-3.1252465
1.4420047
-2.7815519
-1.8806567
-2.2190407
-3.5300093
0.68227998
-1.8375378
-1.9675917
-2.45148
-2.1891614
-2.5052009
-2.7995988
-2.209418
-2.2173847
-2.4312071
-2.9619146
-3.4473328
-2.9706526
-3.6525068
-1.5988078
1.8203707
1.946146
-2.6801028
-1.72247
-1.2815232
2.270941
-2.5945443
1.8615183
-3.5007499
-2.8566586
-3.3498131
-3.4586519
-3.5939193
-2.8460219
-3.8076897
-2.2046763
-2.8186968
-3.4767016
-3.4778996
-1.4958053
-0.48538021
1.4791141
-2.2498748
-1.7853396
-2.3971592
-1.5896774
-1.8579497
-0.84354597
0.16145652
-3.0539082
-2.237463
-2.721003
-2.7413814
-2.2133876
-2.2071426
-2.4075918
-2.0885336
-2.2901314
-2.3562145
-1.6514843
-2.8190938
-2.8550308
-1.8272501
-2.9742395
-2.8308886
-2.2271061
-2.7795217
-2.4564792
-3.1864667
-3.2123716
-3.3205801
-3.5634904
-3.0355653
-2.6064612
-2.4486379
-2.9833945
-2.0460811
-0.99598799
-2.6773073
-1.8218362
-2.5402049
-2.0903485
1.915374
-3.5700692
-2.9496257
-1.8213118
-2.5891912
-3.2655386
1.931356
1.2709084
-2.7095176
-2.4984281
-1.8985175
-2.4872208
-2.1826829
-2.8497508
0.21183127
-2.7601471
-3.7405716
-4.0736803
-3.5868548
-3.2573103
0.68373825
-1.7797889
-2.3163325
-1.8235138
2.269133
-2.479258
-3.1985623
-1.9353605
1.8939519
1.5019391
-3.1801427
1.1255634
-1.8666089
-2.0027246
-2.431798
-2.7504796
-1.1747443
-1.5699363
-2.6484969
-1.956806
-1.1241493
-0.50921079
-3.1394349
-2.8690924
-3.4046653
-2.7261911
-3.3165826
-2.721935
-3.1469839
-2.8185453
-3.3039667
-3.0487926
-2.9781566
-2.3654587
-3.5691934
-3.747319
-3.2334214
-4.0629762
-3.9337415
-4.0145615
-4.4506362
-3.5554363
-2.9107738
0.49102882
-1.855881
-2.2186939
-1.7927966
-1.0780575
-1.7777059
-2.5867211
-1.8557673
0.64204114
1.954611
-2.4158832
-2.5075211
-2.8456509
-2.3887572
-1.4412223
1.8913203
-3.0685322
2.1807576
-1.2971224
-1.8085863
-1.7497886
-2.740567
-2.9425568
-3.3018136
-3.5306238
-2.4244965
-1.3800645
-0.62900396
1.2666342
-2.7733008
-2.8090091
-2.3226143
-4.0533013
-2.7850802
-3.3975717
-0.77665148
-2.1600259
-1.4272789
1.4451855
-2.6904047
-1.8622829
1.3971088
-1.758764
-1.4853657
-1.7586417
-2.0048656
-2.2657159
-2.5770887
1.7233696
-1.9149764
-2.3477215
-2.6548611
0.84839958
-3.2056619
-2.9349265
-3.1729086
-3.089373
-2.1226028
-2.6415815
-3.3565013
-2.4127014
-3.3542369
-2.0470338
-3.3628789
-2.4827994
-2.4341153
-1.9704432
2.038386
-3.2310568
-2.5833319
-1.3714024
-2.4428358
1.831529
-2.5092603
-1.6330604
0.80522754
-2.7867109
-2.9417951
-3.410058
-2.7485574
-3.5466148
-3.1716338
-3.7202054
-3.9167563
-3.1302838
-4.0946071
-3.0000357
-3.0972412
1.8545822
-2.8835435
-1.7274826
-0.77275705
-0.12413545
0.42436221
-2.5771082
-2.6128337
-2.9278708
-2.5900981
-3.4872776
-2.1287552
-2.0619329
-2.8476281
-2.1108937
-1.5258551
-2.2402473
1.896186
-2.6864112
-3.4189711
-1.4340581
-2.8016603
-2.6084478
-0.12081396
-2.6192657
-2.7101203
-3.084961
-2.9430052
-2.9430052
-2.4932925
-3.276543
-2.7037462
-1.9188143
-2.3164802
-1.5004494
-1.8914642
-2.9709193
-2.7914706
-2.3223644
-2.8801065
-3.1287294
-2.9447907
-2.7238812
-3.2535338
-2.0741839
-2.2289444
-3.1022735
-2.2703159
-1.7210982
-2.8369272
-2.1957873
-3.0495718
-2.4093945
-3.0190966
-2.0109473
-2.4445403
-3.394626
-2.5695867
-2.9059193
-3.2271214
-3.0878183
-2.8560391
-3.4887976
-2.745427
-3.7248988
-2.439736
-3.5513203
-3.4982092
-2.6646028
1.673278
-1.7987651
-1.6964663
-0.8537392
0.82731473
-1.9776542
-2.2028965
-2.5144283
-3.1976206
-3.1923986
-3.2705386
-3.1444766
2.186134
1.6954819
-3.1213165
-2.7829801
-3.1160826
-2.9619568
-3.2552634
-3.4608596
-0.23755468
1.0654582
-1.63037
-1.6864315
-1.804901
-1.2449263
-0.87177534
-1.6637709
-2.383974
-2.0340168
-2.1456967
-1.1173276
-1.9016645
-2.3240798
1.9739695
-2.3276474
-2.2175336
0.98646188
-2.6176517
-0.76072106
-1.5977532
-1.2452295
-3.2308357
0.038338153
-0.90504515
-0.70551606
-1.3327038
-1.4643105
-2.2796404
-1.4413063
-1.3239835
-1.6343586
1.6456407
-2.0140403
-3.1590071
-1.9370939
-0.7210352
1.3582911
-1.0815276
-1.7274769
-2.674052
-2.8611914
-3.1444707
-1.2418811
2.0483997
-2.8596352
-2.7136099
0.98229289
0.98624295
-2.303577
-1.9816047
-1.4895627
-2.3634536
-2.6801349
-1.9995473
-2.4538309
-2.3130064
-0.14755854
-3.8409375
-3.3851129
-2.6488087
-3.7786062
-3.6440237
-1.5937325
-0.98397555
-1.4006464
-2.7319311
-2.6056315
-2.1294366
-1.8213812
-2.4058689
-2.286487
-2.2972371
-1.8402534
-1.4063181
-2.6183815
-1.6989272
1.6603436
-2.5521517
-3.236805
-3.3141864
-2.4484645
-2.9628128
-2.9006468
-2.6541363
1.9837984
-2.6490655
-2.3404727
-2.8474662
-2.5377337
-2.3834323
-2.8042266
-3.129879
-2.7123623
-2.5324942
-2.9435756
-1.1195059
0.30822694
-2.4053186
-1.6995155
-1.9487266
-3.4654392
1.8752816
-3.1629688
-2.3748456
-2.0637713
1.2096667
-1.5757455
-2.461398
-1.0943159
1.2778177
-2.863263
-2.2004851
-2.3089227
-3.3326047
-3.0353771
-3.0689235
-2.0970994
-2.6170361
-2.6823354
-2.0510494
-2.6902037
-2.9068554
-2.8860513
-2.9974006
-3.5173373
-2.8413661
-2.4699781
-2.4591659
-2.4112714
-2.3677559
-2.6872725
-2.6225336
-3.3571215
-2.887944
-2.9262483
-2.2492582
-2.3621775
-2.8760527
-3.0516791
-2.7978187
-3.4142616
-2.7427448
-2.1062677
1.8626037
-2.497283
-2.2126551
-1.8491248
-2.1793401
-2.756142
-3.1887411
-3.2627719
-3.2627719
-3.2627719
-3.2627719
-3.3921855
-2.8517573
-2.4271225
-2.5384719
-1.9071859
-2.3898466
-2.1848918
-2.4382694
-1.3057074
-1.838987
-2.1203652
-2.241445
-1.8528606
-2.3298397
-2.2969925
-2.394674
-2.5240876
-2.4264062
-1.922292
-2.7164278
-3.2363645
-2.8346689
-1.7727725
-2.378097
-1.9825998
-2.0199526
-3.273291
-3.1197954
-2.5773012
-2.7548427
-2.9792963
-2.4669863
-0.67332564
-2.7857806
-1.5104123
-2.8350251
-2.4497358
-2.2851516
-2.4000709
-2.6827327
-2.3306718
-3.0689499
-3.1560526
-2.7301269
-2.6723549
-3.5758978
-3.5665204
-2.0681264
-1.9494188
2.2473752
-3.6977826
-3.8751711
-3.5846939
-3.0546357
-3.5541896
0.33967221
-1.0136124
1.6418691
-3.0542224
-2.4741212
-3.2722892
-2.4500759
-3.2035445
1.5107257
-2.4304481
-3.0470416
1.6574267
-3.2371832
-2.6965847
-2.7338012
-3.9774202
-3.3261473
-3.2177381
0.86992496
-2.3790011
-2.5989858
-1.5777178
-2.8605983
-2.3043854
0.92414644
-2.7612303
-2.7946857
-2.54727
2.0997454
-3.1223271
2.1310461
-1.9622476
-3.2074797
2.2381203
-2.4832406
2.124565
-2.6486001
-2.7240874
-2.7886423
-2.7558158
-2.2992605
-2.6437919
-2.9154656
-1.8348174
-2.9650498
-3.4837437
-3.145273
-2.3548231
1.9964224
-3.1743219
-3.6839282
-1.4850635
-2.9391346
-1.9293338
-1.3464961
-2.9575209
1.5741484
-1.0521216
0.37482756
-2.9661676
-2.1933948
-2.8047652
-2.375216
-2.6917403
-3.9710925
-2.710837
-2.2795938
2.3139689
-2.0989801
-2.0789225
1.205648
-3.1327909
-2.7633383
1.4791046
-2.7812647
-2.6301126
-1.3589095
1.4343011
-3.4237847
-1.939232
0.0086427243
-2.1653507
-2.2848326
-3.6741384
-3.0008085
-2.2162675
-1.5871663
-2.7712515
-3.5482719
-3.8857885
-2.777006
-3.8133125
-3.5050823
-3.472301
-2.3912782
1.1072713
-2.8056893
-2.2675929
-1.833003
2.0572524
2.014817
-2.5078386
-2.4408184
2.2668724
-1.7145147
1.7873413
-1.3492108
-2.1929954
-1.7677874
-1.9291439
-2.4813876
-1.8075263
-2.1195472
-1.9190532
-2.1376115
-2.1376115
-1.6622902
-1.5836419
-1.8075263
-2.0530531
-1.2420891
-1.4970772
-2.2196668
-2.2344321
-2.2070598
-2.5443683
-2.1099418
-2.8416631
-2.131191
-2.1640336
-1.3986554
-2.1249217
2.6374849
-2.1075164
-2.566463
-2.3218042
-2.4549453
-2.0223716
-3.2374455
-2.7175115
-2.5495233
-1.6182246
2.1960023
-2.2635478
-1.6991818
-2.063395
1.7738761
-2.3724279
-2.6251227
-1.3742017
-1.804654
0.48541021
-0.38400816
-3.0246698
1.718994
-1.4542793
-3.628361
-2.3231697
-3.4369094
-3.8458764
2.281846
-1.6307299
-2.0918286
-2.3718224
-3.1606616
-3.5314879
-2.9812117
1.6847811
-2.9505118
1.8144227
-1.7896944
2.2065405
-0.8942887
-2.1397424
-2.9161619
-2.5851435
-2.6056436
1.1044146
-2.4380221
-2.6537383
2.1694008
-1.8875898
-2.8779299
-1.8684077
-3.1890757
-3.189995
-0.76568759
0.77155659
-2.4105739
-2.7841
-3.1275065
-2.8595918
1.2579945
-3.1460997
-1.4111844
-2.0904769
-3.6450638
-2.5064013
2.2234788
-0.87127022
2.1580767
-2.6534187
-2.5255616
